5.228
5.228
5.228
5.228
5.228
5.228
5.228
5.228
5.228
5.228
5.228
5.228
5.228
5.228
5.228
5.228
5.228
5.228
5.228
5.228
5.228
5.228
5.228
5.228
5.228
5.228
5.228
3.495
3.495
3.495
3.495
3.495
3.495
3.495
3.495
3.495
3.495
3.495
3.495
3.495
3.495
3.495
3.495
3.495
3.495
3.495
3.495
3.495
3.495
3.495
3.495
3.495
3.495
3.495
3.495
3.495
7.033
7.033
7.033
7.033
7.033
7.033
7.033
7.033
7.033
7.033
7.033
7.033
7.033
7.033
7.033
7.033
49.976
49.976
49.976
49.976
49.976
49.976
49.976
49.976
49.976
49.976
49.976
49.976
49.976
49.976
49.976
49.976
49.976
49.976
10.712
10.712
10.712
10.712
10.712
10.712
10.712
10.712
10.712
10.712
10.712
10.712
10.712
10.712
10.712
10.712
10.712
10.712
10.712
10.712
10.712
10.712
10.712
10.712
10.712
4.851
4.851
4.851
4.851
4.851
4.851
4.851
4.851
4.851
4.851
4.851
4.851
4.851
4.851
4.851
4.851
4.851
4.851
4.851
4.851
4.851
4.851
4.851
4.851
4.851
4.851
4.851
4.851
4.851
4.851
8.831
8.831
8.831
8.831
8.831
8.831
8.831
8.831
8.831
8.831
8.831
8.831
8.831
8.831
8.831
8.831
8.831
8.831
8.831
8.831
8.831
8.831
35.215
35.215
35.215
35.215
35.215
35.215
35.215
35.215
35.215
35.215
35.215
35.215
35.215
35.215
35.215
35.215
35.215
35.215
35.215
35.215
35.215
35.215
35.215
35.215
35.215
35.215
35.215
35.215
35.215
35.215
35.215
35.215
35.215
7.335
7.335
7.335
7.335
7.335
7.335
7.335
7.335
7.335
7.335
7.335
7.335
7.335
7.335
7.335
7.335
7.335
7.335
7.335
7.335
7.335
7.335
7.335
165.04
165.04
165.04
165.04
165.04
165.04
165.04
165.04
165.04
165.04
165.04
165.04
165.04
165.04
165.04
165.04
165.04
165.04
165.04
165.04
165.04
165.04
165.04
165.04
165.04
165.04
165.04
7.835
7.835
7.835
7.835
7.835
7.835
7.835
7.835
7.835
7.835
7.835
7.835
7.835
7.835
7.835
10.323
10.323
10.323
10.323
10.323
10.323
10.323
10.323
10.323
10.323
10.323
10.323
10.323
10.323
10.323
10.323
10.323
10.323
10.323
10.323
10.323
10.323
10.323
10.323
10.323
10.323
10.323
10.323
10.323
10.323
6.127
6.127
6.127
6.127
6.127
6.127
6.127
6.127
6.127
6.127
6.127
6.127
6.127
6.127
nan
nan
nan
nan
nan
nan
nan
nan
nan
nan
nan
nan
nan
nan
49.733
49.733
49.733
49.733
49.733
49.733
49.733
49.733
49.733
49.733
49.733
49.733
49.733
15.907
15.907
15.907
15.907
15.907
15.907
15.907
15.907
15.907
15.907
15.907
15.907
15.907
15.907
15.907
15.907
15.907
15.907
15.907
15.907
15.907
15.907
15.907
15.907
3.863
3.863
3.863
3.863
3.863
3.863
3.863
3.863
3.863
3.863
3.863
3.863
3.863
3.863
3.863
3.322
3.322
3.322
3.322
3.322
3.322
3.322
3.322
3.322
3.322
3.322
3.322
3.322
3.322
3.322
3.322
3.322
3.453
3.453
3.453
3.453
3.453
3.453
3.453
3.453
3.453
3.453
3.453
3.453
3.453
3.453
3.453
3.453
3.453
3.453
3.453
3.453
7.98
7.98
7.98
7.98
7.98
7.98
7.98
7.98
7.98
7.98
7.98
7.98
7.98
7.98
7.98
7.98
7.98
7.98
7.98
7.98
2.279
2.279
2.279
2.279
2.279
2.279
2.279
2.279
2.279
2.279
2.279
7.62
7.62
7.62
7.62
7.62
7.62
7.62
7.62
7.62
7.62
7.62
7.62
7.62
7.62
7.62
7.62
7.62
7.62
7.62
7.62
38.83
38.83
38.83
38.83
38.83
38.83
38.83
38.83
38.83
38.83
38.83
38.83
38.83
38.83
38.83
38.83
38.83
33.394
33.394
33.394
33.394
33.394
33.394
33.394
33.394
33.394
33.394
33.394
33.394
33.394
33.394
33.394
33.394
33.394
33.394
33.394
33.394
22.477
22.477
22.477
22.477
22.477
22.477
22.477
22.477
22.477
22.477
22.477
22.477
22.477
22.477
22.477
22.477
22.477
22.477
22.477
22.477
22.477
22.477
22.477
22.477
22.477
22.477
22.477
22.477
22.477
22.477
22.477
22.477
22.477
22.477
22.477
22.477
22.477
22.477
22.477
22.477
22.477
22.477
22.477
22.477
22.477
22.477
22.477
22.477
22.477
22.477
22.477
22.477
22.477
22.477
22.477
22.477
22.477
22.477
22.477
22.477
22.477
22.477
22.477
22.477
22.477
22.477
22.477
22.477
22.477
22.477
22.477
22.477
22.477
22.477
22.477
22.477
22.477
22.477
22.477
22.477
22.477
22.477
22.477
22.477
22.477
512.588
10.477
10.477
10.477
10.477
10.477
10.477
10.477
10.477
10.477
10.477
10.477
10.477
10.477
10.477
10.477
10.477
10.477
10.477
10.477
10.477
10.477
10.477
10.477
10.477
10.477
10.477
10.477
10.477
10.477
10.477
10.477
10.477
10.477
10.477
10.477
10.477
10.477
10.477
10.477
10.477
10.477
10.477
10.477
10.477
10.477
10.477
10.477
10.477
10.477
10.477
10.477
10.477
10.477
10.477
10.477
10.477
10.477
10.477
10.477
10.477
10.477
10.477
10.477
10.477
10.477
10.477
10.477
10.477
10.477
10.477
10.477
10.477
10.477
10.477
10.477
10.477
10.477
10.477
10.477
10.477
10.477
10.477
10.477
10.477
10.477
10.477
10.477
10.477
10.477
10.477
10.477
10.477
10.477
53.0
53.0
53.0
53.0
53.0
53.0
53.0
53.0
53.0
53.0
53.0
53.0
53.0
53.0
53.0
53.0
53.0
53.0
53.0
53.0
53.0
53.0
53.0
53.0
53.0
53.0
53.0
53.0
53.0
53.0
53.0
53.0
53.0
53.0
53.0
53.0
53.0
53.0
53.0
53.0
53.0
53.0
53.0
53.0
53.0
53.0
53.0
53.0
53.0
53.0
53.0
53.0
53.0
53.0
53.0
53.0
53.0
53.0
53.0
53.0
53.0
53.0
53.0
53.0
53.0
53.0
53.0
53.0
53.0
53.0
53.0
53.0
53.0
53.0
53.0
53.0
53.0
53.0
53.0
53.0
53.0
53.0
53.0
53.0
53.0
53.0
53.0
53.0
53.0
53.0
53.0
53.0
53.0
53.0
53.0
53.0
53.0
53.0
53.0
53.0
53.0
53.0
53.0
53.0
53.0
53.0
53.0
53.0
53.0
53.0
53.0
512.588
512.588
512.588
512.588
512.588
512.588
512.588
512.588
512.588
512.588
512.588
512.588
512.588
512.588
512.588
512.588
512.588
512.588
512.588
512.588
512.588
512.588
512.588
512.588
512.588
512.588
512.588
512.588
512.588
512.588
512.588
512.588
512.588
512.588
512.588
512.588
512.588
512.588
512.588
512.588
512.588
512.588
512.588
512.588
512.588
512.588
512.588
512.588
512.588
512.588
512.588
512.588
512.588
512.588
512.588
512.588
512.588
512.588
512.588
512.588
512.588
512.588
512.588
512.588
512.588
512.588
512.588
46.0
46.0
46.0
46.0
46.0
46.0
46.0
46.0
46.0
46.0
46.0
46.0
46.0
46.0
46.0
46.0
46.0
46.0
46.0
46.0
46.0
46.0
46.0
46.0
46.0
46.0
46.0
46.0
46.0
46.0
46.0
46.0
46.0
46.0
46.0
46.0
46.0
46.0
46.0
46.0
46.0
46.0
46.0
46.0
46.0
46.0
46.0
46.0
46.0
46.0
46.0
46.0
46.0
46.0
46.0
46.0
46.0
46.0
46.0
46.0
46.0
46.0
46.0
46.0
46.0
12.257
12.257
12.257
12.257
12.257
12.257
12.257
12.257
12.257
12.257
12.257
12.257
12.257
12.257
12.257
12.257
12.257
12.257
12.257
12.257
12.257
12.257
12.257
12.257
12.257
12.257
12.257
12.257
12.257
12.257
12.257
12.257
12.257
12.257
12.257
12.257
12.257
12.257
12.257
12.257
12.257
12.257
12.257
12.257
12.257
12.257
12.257
12.257
12.257
12.257
12.257
12.257
12.257
12.257
12.257
12.257
12.257
12.257
12.257
12.257
12.257
12.257
12.257
12.257
12.257
12.257
12.257
12.257
12.257
12.257
12.257
12.257
12.257
12.257
12.257
12.257
12.257
12.257
939.4
428.923
91.494
91.494
91.494
38.012
38.012
38.012
77.358
91.744
91.744
91.744
77.358
77.358
59.886
59.886
59.886
428.923
428.923
46.966
46.966
46.966
163.755
20.121
20.121
20.121
163.755
163.755
168.402
168.402
168.402
168.402
168.402
84.0
84.0
84.0
27.327
27.327
27.327
16.001
16.001
16.001
62.588
62.588
62.588
41.0
41.0
41.0
48.661
48.661
48.661
30.081
30.081
30.081
163.0
163.0
163.0
28.936
28.936
28.936
33.748
33.748
33.748
60.962
60.962
60.962
60.962
60.962
53.0
36.892
36.892
36.892
53.0
53.0
119.642
15.128
15.128
15.128
119.642
119.642
119.642
23.775
23.775
23.775
136.374
14.84
14.84
14.84
136.374
136.374
26.547
26.547
26.547
26.547
26.547
26.808
26.808
26.808
29.1
29.1
29.1
24.183
24.183
24.183
69.119
69.119
69.119
100.691
100.691
100.691
173.0
173.0
173.0
37.212
37.212
37.212
18.961
18.961
18.961
18.961
11.576
11.576
11.576
97.909
97.909
97.909
30.608
30.608
30.608
25.085
25.085
25.085
114.16
114.16
114.16
114.16
16.648
16.648
16.648
52.84
52.84
52.84
160.598
160.598
160.598
92.309
92.309
92.309
13.663
13.663
13.663
13.663
29.712
29.712
29.712
19.683
19.683
19.683
939.4
939.4
3.7
3.7
3.7
91.7
91.7
91.7
69.963
16.4
16.4
16.4
69.963
69.963
83.739
83.739
83.739
24.598
24.598
24.598
24.598
29.388
29.388
29.388
25.988
25.988
25.988
25.988
25.988
13.024
13.024
13.024
14.954
14.954
14.954
38.033
38.033
38.033
208.519
13.5
13.5
13.5
21.717
21.717
21.717
208.519
208.519
17.736
17.736
17.736
14.157
14.157
14.157
19.249
19.249
19.249
34.487
34.487
34.487
188.589
188.589
188.589
188.589
188.589
27.163
27.163
27.163
8.892
8.892
8.892
101.73
101.73
101.73
9.576
9.576
9.576
16.916
16.916
16.916
33.0
33.0
33.0
16.718
16.718
16.718
67.449
67.449
67.449
5.747
5.747
5.747
6.12
6.12
6.12
14.214
14.214
14.214
9.847
9.847
9.847
29.541
29.541
29.541
29.541
29.541
63.319
63.319
63.319
14.345
14.345
14.345
17.052
17.052
17.052
268.0
268.0
268.0
21.56
21.56
21.56
84.383
84.383
84.383
18.033
18.033
18.033
6.715
6.715
6.715
18.362
18.362
18.362
97.919
24.838
24.838
24.838
18.453
18.453
18.453
13.843
13.843
14.584
14.584
97.919
97.919
135.0
135.0
32.438
32.438
32.438
20.063
20.063
84.419
84.419
8.942
8.942
17.675
17.675
170.133
170.133
14.755
14.755
201.61
201.61
87.55
87.55
109.837
109.837
11.796
11.796
5.74
5.74
19.674
19.674
51.985
51.985
89.879
89.879
89.879
98.727
19.898
19.898
98.727
17.16
17.16
62.569
62.569
14.017
14.017
6.155
6.155
24.652
24.652
8.427
8.427
15.258
15.258
157.568
157.568
157.568
7.541
7.541
187.6
15.806
15.806
27.948
27.948
14.539
14.539
14.539
187.6
187.6
136.252
8.668
8.668
8.668
99.081
99.081
99.081
69.608
69.608
136.252
20.595
20.595
20.595
11.109
11.109
9.854
9.854
16.509
16.509
13.168
13.168
17.14
17.14
16.64
16.64
13.541
13.541
21.496
21.496
317.049
17.9
17.9
13.95
13.95
317.049
10.113
10.113
10.113
9.15
9.15
12.269
12.269
12.269
16.0
16.0
28.526
28.526
24.085
24.085
16.91
16.91
16.91
5.987
5.987
68.441
68.441
68.441
64.621
64.621
166.306
12.271
12.271
166.306
12.781
12.781
14.803
14.803
14.803
14.803
62.588
15.978
15.978
62.588
15.089
15.089
15.089
46.087
46.087
12.532
12.532
100.698
10.947
10.947
10.947
171.0
171.0
171.0
100.698
100.698
106.023
106.023
13.241
13.241
62.633
62.633
79.123
79.123
83.078
83.078
12.701
12.701
117.875
117.875
23.188
23.188
83.173
83.173
83.173
50.832
13.468
13.468
50.832
43.114
43.114
43.114
81.541
81.541
81.327
81.327
47.081
47.081
47.081
82.878
82.878
32.096
32.096
159.0
159.0
65.527
65.527
15.07
15.07
15.07
15.07
15.07
15.07
15.07
15.07
15.07
15.07
15.07
15.07
15.07
15.07
15.07
15.07
15.07
15.07
15.07
15.07
15.07
15.07
15.07
15.07
15.07
15.07
15.07
15.07
15.07
15.07
15.07
15.07
15.07
15.07
15.07
15.07
15.07
15.07
15.07
15.07
15.07
15.07
15.07
15.07
15.07
15.07
15.07
15.07
15.07
15.07
15.07
15.07
15.07
15.07
15.07
15.07
15.07
15.07
15.07
15.07
15.07
15.07
15.07
15.07
15.07
15.07
15.07
15.07
15.07
15.07
15.07
15.07
15.07
15.07
15.07
15.07
15.07
15.07
15.07
15.07
15.07
15.07
15.07
15.07
15.07
15.07
15.07
15.07
15.07
15.07
15.07
15.07
15.07
15.07
15.07
15.07
15.07
15.07
15.07
15.07
15.07
15.07
15.07
15.07
15.07
15.07
15.07
15.07
15.07
15.07
15.07
15.07
15.07
15.07
15.07
15.07
15.07
15.07
15.07
15.07
15.07
15.07
15.07
15.07
15.07
15.07
15.07
15.07
15.07
15.07
15.07
15.07
15.07
15.07
15.07
15.07
15.07
15.07
15.07
15.07
15.07
15.07
15.07
15.07
15.07
15.07
15.07
15.07
15.07
15.07
15.07
15.07
15.07
15.07
15.07
15.07
15.07
15.07
15.07
15.07
15.07
15.07
15.07
15.07
15.07
15.07
15.07
15.07
15.07
15.07
15.07
15.07
15.07
15.07
15.07
15.07
15.07
15.07
15.07
15.07
15.07
15.07
15.07
15.07
15.07
15.07
15.07
15.07
15.07
15.07
15.07
15.07
15.07
15.07
15.07
15.07
15.07
15.07
15.07
15.07
15.07
15.07
15.07
15.07
15.07
15.07
15.07
15.07
15.07
15.07
15.07
15.07
15.07
15.07
15.07
15.07
15.07
15.07
15.07
15.07
15.07
15.07
15.07
15.07
15.07
15.07
15.07
15.07
15.07
15.07
15.07
15.07
15.07
15.07
15.07
15.07
15.07
15.07
15.07
15.07
15.07
15.07
15.07
15.07
15.07
15.07
15.07
15.07
15.07
15.07
15.07
15.07
15.07
15.07
15.07
15.07
15.07
15.07
15.07
15.07
15.07
15.07
15.07
15.07
15.07
15.07
15.07
15.07
15.07
15.07
15.07
15.07
15.07
15.07
15.07
15.07
15.07
15.07
15.07
15.07
15.07
15.07
15.07
15.07
15.07
15.07
15.07
15.07
15.07
15.07
15.07
15.07
15.07
15.07
15.07
15.07
15.07
15.07
15.07
15.07
15.07
15.07
15.07
15.07
15.07
15.07
15.07
15.07
15.07
15.07
15.07
15.07
15.07
15.07
15.07
15.07
15.07
15.07
15.07
15.07
15.07
15.07
15.07
15.07
15.07
15.07
15.07
15.07
15.07
15.07
15.07
15.07
15.07
15.07
15.07
15.07
15.07
15.07
15.07
15.07
15.07
15.07
15.07
15.07
15.07
15.07
15.07
15.07
15.07
15.07
15.07
15.07
15.07
15.07
15.07
15.07
15.07
15.07
15.07
15.07
15.07
15.07
15.07
15.07
15.07
15.07
15.07
15.07
15.07
15.07
15.07
15.07
15.07
15.07
15.07
15.07
15.07
15.07
15.07
15.07
15.07
15.07
15.07
15.07
15.07
15.07
15.07
15.07
15.07
15.07
15.07
15.07
15.07
15.07
15.07
15.07
15.07
15.07
15.07
15.07
15.07
15.07
15.07
15.07
15.07
15.07
15.07
15.07
15.07
15.07
15.07
15.07
15.07
15.07
15.07
15.07
15.07
15.07
15.07
15.07
15.07
15.07
15.07
15.07
15.07
15.07
15.07
15.07
15.07
15.07
15.07
15.07
15.07
15.07
15.07
15.07
15.07
15.07
15.07
15.07
15.07
15.07
15.07
15.07
15.07
15.07
15.07
15.07
15.07
15.07
15.07
15.07
15.07
15.07
15.07
15.07
15.07
15.07
15.07
15.07
15.07
15.07
15.07
15.07
15.07
15.07
15.07
15.07
15.07
15.07
15.07
15.07
15.07
15.07
15.07
15.07
15.07
15.07
15.07
15.07
15.07
15.07
15.07
15.07
15.07
15.07
15.07
15.07
15.07
15.07
15.07
15.07
15.07
15.07
15.07
15.07
15.07
15.07
15.07
15.07
41.9
41.9
41.9
133.0
54.657
54.657
54.657
133.0
133.0
133.0
133.0
133.0
133.0
105.048
105.048
105.048
105.048
105.048
105.048
105.048
150.094
150.094
150.094
254.0
254.0
254.0
254.0
75.748
75.748
75.748
75.748
78.665
78.665
78.665
132.055
132.055
132.055
132.055
132.055
62.88
38.162
38.162
38.162
38.162
38.162
38.162
62.88
62.88
55.2
55.2
55.2
55.2
55.2
55.2
196.0
196.0
196.0
68.131
68.131
68.131
122.381
122.381
122.381
122.381
122.381
202.248
199.0
199.0
199.0
116.504
116.504
116.504
29.513
29.513
29.513
10.683
10.683
10.683
202.248
202.248
202.248
202.248
22.333
22.333
22.333
22.333
22.333
138.58
16.161
16.161
16.161
138.58
138.58
141.0
141.0
141.0
141.0
141.0
144.0
144.0
144.0
131.0
131.0
131.0
19.962
19.962
19.962
19.962
19.962
19.962
193.856
193.856
193.856
193.856
193.856
96.378
96.378
96.378
96.378
96.378
122.049
122.049
122.049
122.049
40.359
40.359
40.359
91.604
91.604
91.604
70.097
70.097
70.097
150.047
150.047
150.047
150.047
26.982
26.982
26.982
26.982
110.254
110.254
110.254
73.075
73.075
73.075
73.075
73.075
23.556
23.556
23.556
22.789
22.789
22.789
23.3
23.3
23.3
141.0
141.0
141.0
211.0
33.515
33.515
33.515
33.515
33.515
164.618
164.618
164.618
77.643
77.643
77.643
211.0
211.0
129.545
129.545
129.545
35.304
35.304
35.304
35.304
35.304
35.304
65.653
65.653
65.653
218.0
218.0
218.0
53.309
53.309
53.309
53.309
53.309
53.309
6.647
6.647
6.647
6.647
149.925
149.925
149.925
149.925
149.925
23.086
23.086
23.086
23.086
23.086
40.104
40.104
40.104
40.104
40.104
146.454
146.454
146.454
93.083
93.083
93.083
93.083
93.083
93.083
93.083
169.851
169.851
169.851
76.745
76.745
76.745
76.745
15.692
15.692
15.692
15.692
105.679
105.679
105.679
105.679
105.679
19.895
19.895
19.895
19.895
19.895
27.413
27.413
27.413
50.643
50.643
50.643
12.817
12.817
12.817
12.817
101.0
15.481
15.481
15.481
101.0
101.0
23.372
23.372
23.372
20.601
20.601
20.601
27.352
27.352
27.352
77.044
77.044
77.044
107.462
54.249
54.249
54.249
100.787
100.787
100.787
107.462
107.462
107.462
24.61
24.61
24.61
24.61
16.921
16.921
16.921
7.03
7.03
7.03
89.889
89.889
89.889
89.889
89.889
14.045
14.045
14.045
14.045
11.056
11.056
11.056
11.056
16.769
16.769
78.64
78.64
34.7
34.7
11.591
11.591
90.317
17.087
17.087
17.087
90.317
99.175
19.746
19.746
19.746
19.746
42.803
42.803
167.0
167.0
99.175
99.175
56.905
56.905
56.905
122.874
122.874
44.221
44.221
44.221
44.221
32.285
32.285
32.285
32.285
122.011
122.011
122.011
122.011
9.617
9.617
187.871
118.0
118.0
24.242
24.242
79.949
79.949
13.247
13.247
13.247
21.263
21.263
187.871
11.145
11.145
68.661
68.661
17.868
17.868
17.868
11.227
11.227
11.227
56.468
56.468
6.42
6.42
6.42
6.42
6.42
215.134
87.774
87.774
215.134
144.705
130.553
130.553
130.553
99.5
99.5
96.584
96.584
144.705
144.705
93.624
17.285
17.285
93.624
147.0
147.0
13.694
13.694
16.487
16.487
143.0
143.0
9.922
9.922
9.922
7.37
7.37
96.086
83.091
83.091
83.091
96.086
17.135
17.135
81.064
9.735
9.735
10.871
10.871
81.064
15.148
15.148
18.43
18.43
73.199
22.195
22.195
22.195
73.199
11.213
11.213
11.213
131.516
131.516
15.135
15.135
15.135
77.339
77.339
77.339
111.425
111.425
13.298
13.298
13.298
14.023
14.023
14.023
50.094
50.094
13.724
13.724
103.47
103.47
103.47
44.962
44.962
134.339
134.339
134.339
134.339
134.68
47.1
47.1
47.1
134.68
30.23
30.23
30.23
75.01
75.01
75.01
75.01
165.0
28.245
28.245
165.0
47.55
47.55
111.327
111.327
36.822
36.822
52.649
52.649
52.649
131.457
131.457
131.457
94.492
94.492
94.492
94.492
19.688
19.688
19.688
247.683
247.683
247.683
247.683
247.683
247.683
247.683
247.683
247.683
247.683
247.683
247.683
247.683
247.683
247.683
247.683
247.683
247.683
247.683
247.683
247.683
247.683
247.683
247.683
247.683
247.683
247.683
247.683
247.683
247.683
247.683
247.683
247.683
247.683
247.683
247.683
247.683
247.683
247.683
247.683
247.683
247.683
247.683
247.683
247.683
247.683
247.683
247.683
247.683
247.683
247.683
247.683
247.683
247.683
247.683
247.683
247.683
247.683
247.683
247.683
247.683
247.683
247.683
247.683
247.683
247.683
247.683
247.683
65.993
65.993
65.993
65.993
65.993
65.993
65.993
65.993
65.993
65.993
65.993
65.993
65.993
65.993
65.993
65.993
65.993
65.993
65.993
65.993
65.993
65.993
65.993
65.993
65.993
65.993
65.993
65.993
65.993
65.993
65.993
65.993
65.993
65.993
65.993
65.993
65.993
65.993
65.993
65.993
65.993
65.993
65.993
65.993
65.993
65.993
65.993
65.993
65.993
65.993
65.993
65.993
65.993
65.993
65.993
65.993
65.993
65.993
65.993
65.993
65.993
65.993
65.993
65.993
65.993
65.993
65.993
65.993
65.993
65.993
65.993
65.993
65.993
65.993
65.993
65.993
65.993
65.993
65.993
65.993
65.993
65.993
65.993
65.993
65.993
65.993
65.993
65.993
65.993
65.993
65.993
65.993
65.993
65.993
65.993
65.993
65.993
65.993
65.993
47.71
47.71
47.71
47.71
47.71
47.71
47.71
47.71
47.71
47.71
47.71
47.71
47.71
47.71
47.71
47.71
47.71
47.71
47.71
47.71
47.71
47.71
47.71
47.71
47.71
47.71
47.71
47.71
47.71
47.71
47.71
47.71
47.71
47.71
47.71
47.71
47.71
47.71
47.71
47.71
47.71
47.71
47.71
47.71
47.71
47.71
47.71
47.71
47.71
47.71
47.71
47.71
47.71
47.71
47.71
47.71
47.71
47.71
47.71
47.71
47.71
47.71
47.71
47.71
47.71
47.71
47.71
47.71
47.71
47.71
47.71
47.71
47.71
47.71
47.71
47.71
47.71
47.71
47.71
47.71
47.71
47.71
47.71
47.71
47.71
47.71
47.71
47.71
47.71
47.71
47.71
47.71
47.71
47.71
47.71
47.71
47.71
47.71
47.71
47.71
47.71
47.71
47.71
47.71
47.71
47.71
50.994
50.994
50.994
50.994
50.994
50.994
50.994
50.994
50.994
50.994
50.994
50.994
50.994
50.994
50.994
50.994
50.994
50.994
50.994
50.994
50.994
50.994
50.994
50.994
50.994
50.994
50.994
50.994
50.994
50.994
50.994
50.994
50.994
50.994
50.994
50.994
50.994
50.994
50.994
50.994
50.994
50.994
50.994
50.994
50.994
50.994
50.994
50.994
50.994
50.994
50.994
50.994
50.994
50.994
50.994
50.994
50.994
50.994
50.994
50.994
50.994
50.994
50.994
50.994
50.994
50.994
50.994
50.994
50.994
50.994
50.994
50.994
50.994
50.994
50.994
50.994
50.994
50.994
50.994
50.994
50.994
50.994
50.994
61.495
61.495
61.495
61.495
61.495
61.495
61.495
61.495
61.495
61.495
61.495
61.495
61.495
61.495
61.495
61.495
61.495
61.495
61.495
61.495
61.495
61.495
61.495
61.495
61.495
61.495
61.495
61.495
61.495
61.495
61.495
61.495
61.495
61.495
61.495
61.495
61.495
61.495
61.495
61.495
61.495
61.495
61.495
61.495
61.495
61.495
61.495
61.495
61.495
61.495
61.495
61.495
61.495
61.495
61.495
61.495
61.495
61.495
61.495
61.495
61.495
61.495
61.495
61.495
61.495
61.495
61.495
61.495
61.495
61.495
61.495
61.495
61.495
61.495
61.495
61.495
37.525
37.525
37.525
37.525
37.525
37.525
37.525
37.525
37.525
37.525
37.525
37.525
37.525
37.525
37.525
37.525
37.525
37.525
37.525
37.525
37.525
37.525
37.525
37.525
37.525
37.525
37.525
37.525
37.525
37.525
37.525
37.525
37.525
37.525
37.525
37.525
37.525
37.525
37.525
37.525
37.525
37.525
37.525
37.525
37.525
37.525
37.525
37.525
37.525
37.525
37.525
37.525
37.525
37.525
37.525
37.525
37.525
37.525
37.525
37.525
37.525
37.525
37.525
37.525
37.525
37.525
37.525
37.525
7.0
7.0
7.0
7.0
7.0
7.0
7.0
7.0
7.0
7.0
7.0
7.0
7.0
7.0
7.0
7.0
7.0
7.0
7.0
7.0
7.0
7.0
7.0
7.0
7.0
7.0
7.0
7.0
7.0
7.0
7.0
7.0
7.0
7.0
7.0
7.0
7.0
7.0
7.0
7.0
7.0
7.0
7.0
7.0
7.0
7.0
7.0
7.0
7.0
7.0
7.0
7.0
7.0
7.0
7.0
7.0
7.0
7.0
7.0
7.0
7.0
7.0
7.0
7.0
7.0
7.0
11.906
11.906
11.906
11.906
11.906
11.906
11.906
11.906
11.906
11.906
11.906
11.906
11.906
11.906
11.906
11.906
11.906
11.906
11.906
11.906
11.906
11.906
11.906
11.906
11.906
11.906
11.906
11.906
11.906
11.906
11.906
11.906
11.906
11.906
11.906
11.906
11.906
11.906
11.906
11.906
11.906
11.906
11.906
11.906
11.906
11.906
11.906
11.906
11.906
11.906
11.906
11.906
11.906
11.906
11.906
11.906
11.906
11.906
11.906
11.906
5.571
5.571
5.571
5.571
5.571
5.571
5.571
5.571
5.571
5.571
5.571
5.571
5.571
5.571
5.571
5.571
5.571
5.571
5.571
5.571
5.571
5.571
5.571
5.571
5.571
5.571
5.571
5.571
5.571
5.571
5.571
5.571
5.571
5.571
5.571
5.571
5.571
5.571
5.571
5.571
5.571
5.571
5.571
5.571
5.571
5.571
5.571
5.571
5.571
5.571
5.571
5.571
5.571
5.571
5.571
5.571
5.571
5.571
5.571
5.571
25.362
25.362
25.362
25.362
25.362
25.362
25.362
25.362
25.362
25.362
25.362
25.362
25.362
25.362
25.362
25.362
25.362
25.362
25.362
25.362
25.362
25.362
25.362
25.362
25.362
25.362
25.362
25.362
25.362
25.362
25.362
25.362
25.362
25.362
25.362
25.362
25.362
25.362
25.362
25.362
25.362
25.362
25.362
25.362
25.362
25.362
25.362
25.362
25.362
25.362
25.362
25.362
25.362
25.362
25.362
25.362
25.362
25.362
5.047
5.047
5.047
5.047
5.047
5.047
5.047
5.047
5.047
5.047
5.047
5.047
5.047
5.047
5.047
5.047
5.047
5.047
5.047
5.047
5.047
5.047
5.047
5.047
5.047
5.047
5.047
5.047
5.047
5.047
5.047
5.047
5.047
5.047
5.047
5.047
5.047
5.047
5.047
5.047
5.047
5.047
5.047
5.047
5.047
5.047
5.047
5.047
5.047
5.047
5.047
5.047
5.047
5.047
5.047
5.047
5.047
5.047
5.047
5.047
18.363
18.363
18.363
18.363
18.363
18.363
18.363
18.363
18.363
18.363
18.363
18.363
18.363
18.363
18.363
18.363
18.363
18.363
18.363
18.363
18.363
18.363
18.363
18.363
18.363
18.363
18.363
18.363
18.363
18.363
18.363
18.363
18.363
18.363
18.363
18.363
18.363
18.363
18.363
18.363
18.363
18.363
18.363
18.363
18.363
18.363
18.363
18.363
9.692
9.692
9.692
9.692
9.692
9.692
9.692
9.692
9.692
9.692
9.692
9.692
9.692
9.692
9.692
9.692
9.692
9.692
9.692
9.692
9.692
9.692
9.692
9.692
9.692
9.692
9.692
9.692
9.692
9.692
9.692
9.692
9.692
9.692
9.692
9.692
9.692
9.692
9.692
9.692
79.0
79.0
79.0
79.0
79.0
79.0
79.0
79.0
79.0
79.0
79.0
79.0
79.0
79.0
79.0
79.0
79.0
79.0
79.0
79.0
79.0
79.0
79.0
79.0
79.0
79.0
79.0
79.0
79.0
79.0
79.0
79.0
79.0
79.0
79.0
79.0
79.0
79.0
79.0
79.0
79.0
79.0
79.0
79.0
79.0
79.0
79.0
79.0
79.0
79.0
79.0
79.0
46.33
46.33
46.33
46.33
46.33
46.33
46.33
46.33
46.33
46.33
46.33
46.33
46.33
46.33
46.33
46.33
46.33
46.33
46.33
46.33
46.33
46.33
46.33
46.33
46.33
46.33
46.33
46.33
46.33
46.33
46.33
46.33
46.33
46.33
46.33
46.33
46.33
46.33
46.33
46.33
46.33
46.33
46.33
46.33
46.33
46.33
46.33
46.33
46.33
46.33
46.33
46.33
46.33
46.33
46.33
46.33
28.527
28.527
28.527
28.527
28.527
28.527
28.527
28.527
28.527
28.527
28.527
28.527
28.527
28.527
28.527
28.527
28.527
28.527
28.527
28.527
28.527
28.527
28.527
28.527
28.527
28.527
28.527
28.527
28.527
28.527
28.527
28.527
13.788
13.788
13.788
13.788
13.788
13.788
13.788
13.788
13.788
13.788
13.788
13.788
13.788
13.788
13.788
13.788
13.788
13.788
13.788
13.788
13.788
13.788
13.788
13.788
13.788
22.583
22.583
22.583
22.583
22.583
22.583
22.583
22.583
22.583
22.583
22.583
22.583
22.583
22.583
22.583
22.583
22.583
22.583
22.583
22.583
22.583
22.583
22.583
22.583
22.583
22.583
22.583
22.583
22.583
22.583
22.583
22.583
22.583
22.583
22.583
22.583
22.583
22.583
22.583
22.583
22.583
22.583
22.583
22.583
22.583
22.583
45.816
45.816
45.816
45.816
45.816
45.816
45.816
45.816
45.816
45.816
45.816
45.816
45.816
45.816
45.816
45.816
45.816
45.816
45.816
45.816
45.816
45.816
45.816
45.816
45.816
45.816
45.816
45.816
45.816
45.816
45.816
45.634
45.634
45.634
45.634
45.634
45.634
45.634
45.634
45.634
45.634
45.634
45.634
45.634
45.634
45.634
45.634
45.634
45.634
45.634
45.634
45.634
271.324
271.324
271.324
271.324
271.324
271.324
271.324
271.324
271.324
271.324
271.324
271.324
271.324
271.324
271.324
271.324
271.324
271.324
271.324
271.324
271.324
271.324
271.324
271.324
271.324
271.324
271.324
271.324
271.324
271.324
271.324
271.324
271.324
271.324
271.324
23.1
23.1
23.1
23.1
23.1
23.1
23.1
23.1
23.1
23.1
23.1
23.1
23.1
23.1
23.1
23.1
23.1
23.1
23.1
23.1
23.1
23.1
23.1
23.1
23.1
23.1
23.1
23.1
23.1
23.1
29.33
29.33
29.33
29.33
29.33
29.33
29.33
29.33
29.33
29.33
29.33
29.33
29.33
29.33
29.33
29.33
29.33
29.33
29.33
29.33
29.33
29.33
29.33
29.33
29.33
29.33
29.33
29.33
29.33
29.33
29.33
29.33
85.701
85.701
85.701
85.701
85.701
85.701
85.701
85.701
85.701
85.701
85.701
85.701
85.701
85.701
85.701
85.701
85.701
85.701
85.701
85.701
85.701
85.701
85.701
85.701
20.8
20.8
20.8
20.8
20.8
20.8
20.8
20.8
20.8
20.8
20.8
20.8
20.8
20.8
20.8
20.8
20.8
20.8
24.442
24.442
24.442
24.442
24.442
24.442
24.442
24.442
24.442
24.442
24.442
24.442
24.442
24.442
24.442
24.442
24.442
24.442
28.474
28.474
28.474
28.474
28.474
28.474
28.474
28.474
28.474
28.474
28.474
28.474
28.474
28.474
28.474
28.474
28.474
28.474
28.474
28.474
28.474
28.474
4.5
4.5
4.5
4.5
4.5
4.5
4.5
4.5
4.5
4.5
4.5
4.5
4.5
4.5
4.5
4.5
4.5
4.5
4.5
4.5
4.5
4.5
9.164
9.164
9.164
9.164
9.164
9.164
9.164
9.164
9.164
9.164
9.164
9.164
9.164
9.164
9.164
9.164
9.164
9.164
9.164
9.164
9.164
4.728
4.728
4.728
4.728
4.728
4.728
4.728
4.728
4.728
4.728
4.728
4.728
4.728
4.728
4.728
4.728
4.728
4.728
4.728
4.728
4.728
7.205
7.205
7.205
7.205
7.205
7.205
7.205
7.205
7.205
7.205
7.205
7.205
7.205
7.205
7.205
7.205
7.205
7.205
7.205
7.205
7.205
13.409
13.409
13.409
13.409
13.409
13.409
13.409
13.409
13.409
13.409
13.409
13.409
13.409
13.409
13.409
13.409
13.409
13.409
13.409
13.409
103.071
103.071
103.071
103.071
103.071
103.071
103.071
103.071
103.071
103.071
103.071
103.071
103.071
103.071
103.071
103.071
103.071
10.212
10.212
10.212
10.212
10.212
10.212
10.212
10.212
10.212
10.212
10.212
10.212
10.212
10.212
10.212
10.212
10.212
10.212
40.243
40.243
40.243
40.243
40.243
40.243
40.243
40.243
40.243
40.243
40.243
40.243
40.243
40.243
40.243
40.243
40.243
40.243
40.243
40.243
40.243
40.243
40.243
40.243
40.243
40.243
42.2
42.2
42.2
42.2
42.2
42.2
42.2
42.2
42.2
42.2
42.2
42.2
42.2
42.2
42.2
42.2
42.2
42.2
42.2
42.2
19.64
19.64
19.64
19.64
19.64
19.64
19.64
19.64
19.64
19.64
19.64
19.64
19.64
19.64
19.64
19.64
19.64
19.64
19.64
19.64
19.64
19.64
19.64
19.64
19.64
19.64
19.64
17.368
17.368
17.368
17.368
17.368
17.368
17.368
17.368
17.368
17.368
17.368
17.368
17.368
17.368
17.368
17.368
57.6
57.6
57.6
57.6
57.6
57.6
57.6
57.6
57.6
57.6
57.6
57.6
57.6
57.6
57.6
57.6
57.6
57.6
57.6
57.6
57.6
57.6
13.096
13.096
13.096
13.096
13.096
13.096
13.096
13.096
13.096
13.096
13.096
13.096
13.096
13.096
13.096
13.096
13.096
13.096
13.096
13.096
46.3
46.3
46.3
46.3
46.3
46.3
46.3
46.3
46.3
46.3
46.3
46.3
46.3
46.3
46.3
46.3
46.3
46.3
46.3
46.3
46.3
46.3
46.3
46.3
12.456
12.456
12.456
12.456
12.456
12.456
12.456
12.456
12.456
12.456
12.456
12.456
12.456
12.456
12.456
12.456
12.456
12.456
12.456
12.456
16.078
16.078
16.078
16.078
16.078
16.078
16.078
16.078
16.078
16.078
16.078
16.078
16.078
16.078
16.078
16.078
16.078
16.078
16.078
16.078
16.078
16.078
16.078
16.078
16.078
16.078
16.078
16.078
16.078
16.078
16.078
16.078
16.078
16.078
8.278
8.278
8.278
8.278
8.278
8.278
8.278
8.278
8.278
8.278
8.278
8.278
8.278
8.278
8.278
8.278
8.278
8.278
8.278
8.278
8.278
8.278
8.278
8.278
8.278
8.278
8.278
8.278
8.278
8.278
9.039
9.039
9.039
9.039
9.039
9.039
9.039
9.039
9.039
9.039
9.039
9.039
9.039
9.039
9.039
9.039
9.039
9.039
9.039
9.039
9.039
9.039
9.039
9.039
9.039
9.039
9.039
9.039
9.039
9.039
9.039
9.039
9.039
15.466
15.466
15.466
15.466
15.466
15.466
15.466
15.466
15.466
15.466
15.466
15.466
15.466
15.466
15.466
15.466
15.466
15.466
15.466
15.466
15.466
15.466
15.466
48.8
48.8
48.8
48.8
48.8
48.8
48.8
48.8
48.8
48.8
48.8
48.8
48.8
48.8
48.8
48.8
48.8
48.8
48.8
48.8
48.8
48.8
48.8
48.8
20.655
20.655
20.655
20.655
20.655
20.655
20.655
20.655
20.655
20.655
20.655
20.655
20.655
20.655
20.655
20.655
20.655
20.655
20.655
33.8
33.8
33.8
33.8
33.8
33.8
33.8
33.8
33.8
33.8
33.8
33.8
33.8
33.8
33.8
33.8
33.8
33.8
33.8
33.8
33.8
33.8
33.8
33.8
33.8
33.8
33.8
21.415
21.415
21.415
21.415
21.415
21.415
21.415
21.415
21.415
21.415
21.415
21.415
21.415
21.415
21.415
21.415
21.415
21.415
21.415
8.809
8.809
8.809
8.809
8.809
8.809
8.809
8.809
8.809
8.809
8.809
8.809
8.809
8.809
8.809
8.809
8.809
8.809
76.948
76.948
76.948
76.948
76.948
76.948
76.948
76.948
76.948
76.948
76.948
76.948
76.948
76.948
76.948
76.948
9.433
9.433
9.433
9.433
9.433
9.433
9.433
9.433
9.433
9.433
9.433
9.433
9.433
9.433
10.179
10.179
10.179
10.179
10.179
10.179
10.179
10.179
10.179
10.179
10.179
10.179
10.179
10.179
10.179
10.179
70.542
70.542
70.542
70.542
70.542
70.542
70.542
70.542
70.542
70.542
70.542
70.542
8.08
8.08
8.08
8.08
8.08
8.08
8.08
8.08
8.08
8.08
8.08
8.08
8.08
7.797
7.797
7.797
7.797
7.797
7.797
7.797
7.797
7.797
7.797
7.797
7.797
7.797
7.797
7.797
31.19
31.19
31.19
31.19
31.19
31.19
31.19
31.19
31.19
31.19
31.19
31.19
31.19
31.19
31.19
31.19
31.19
31.19
31.19
31.19
31.19
31.19
31.19
11.9
11.9
11.9
11.9
11.9
11.9
11.9
11.9
11.9
11.9
11.9
11.9
11.9
11.9
11.9
17.453
17.453
17.453
17.453
17.453
17.453
17.453
17.453
33.438
33.438
33.438
33.438
33.438
33.438
30.05
30.05
30.05
30.05
30.05
30.05
30.05
30.05
30.05
30.05
30.05
30.05
30.05
7.98
7.98
7.98
7.98
7.98
7.98
7.98
18.234
18.234
18.234
18.234
18.234
26.5
26.5
26.5
26.5
26.5
26.5
26.5
26.5
26.5
26.5
26.5
90.788
90.788
90.788
90.788
90.788
90.788
94.542
94.542
94.542
94.542
94.542
94.542
18.597
18.597
18.597
18.597
18.597
18.597
50.489
50.489
50.489
50.489
50.489
50.489
126.0
126.0
126.0
126.0
126.0
126.0
126.0
126.0
80.0
20.126
20.126
20.126
20.126
20.126
20.126
20.126
20.126
20.126
80.0
80.0
80.0
80.0
80.0
80.0
80.0
36.9
36.9
36.9
36.9
36.9
36.9
21.0
21.0
21.0
21.0
21.0
21.0
21.0
21.0
15.161
15.161
15.161
15.161
15.161
15.161
11.614
11.614
11.614
11.614
11.614
11.614
11.614
11.614
11.614
223.143
43.2
43.2
43.2
43.2
43.2
43.2
43.2
43.2
43.2
43.2
19.349
19.349
19.349
19.349
19.349
19.349
223.143
223.143
223.143
223.143
15.472
15.472
15.472
15.472
15.472
15.472
15.472
15.472
15.472
67.285
67.285
67.285
67.285
67.285
18.307
18.307
18.307
18.307
18.307
18.307
10.274
10.274
10.274
10.274
10.274
10.274
10.274
10.274
10.274
69.919
69.919
69.919
69.919
69.919
69.919
69.919
9.754
9.754
9.754
98.0
118.717
15.921
15.921
15.921
15.921
15.921
15.921
15.921
118.717
118.717
118.717
118.717
118.717
118.717
98.0
98.0
98.0
98.0
98.0
152.835
152.835
152.835
152.835
152.835
152.835
152.835
152.835
152.835
152.835
106.0
106.0
106.0
106.0
106.0
106.0
106.0
81.924
81.924
81.924
81.924
81.924
81.924
109.0
109.0
109.0
109.0
109.0
109.0
109.0
109.0
109.0
109.0
27.339
27.339
27.339
27.339
27.339
27.339
27.339
27.339
27.339
27.339
27.339
16.704
16.704
16.704
16.704
45.367
45.367
45.367
45.367
45.367
45.367
45.367
45.367
13.297
13.297
13.297
13.297
13.297
13.297
13.297
15.662
15.662
15.662
15.662
15.662
15.662
15.662
15.662
9.313
9.313
9.313
9.313
9.313
9.313
9.313
16.294
16.294
16.294
11.469
11.469
11.469
11.469
11.469
11.469
11.469
11.469
11.469
11.469
11.469
23.52
23.52
23.52
23.52
23.52
42.866
42.866
42.866
42.866
42.866
42.866
65.042
65.042
65.042
61.0
61.0
61.0
61.0
15.869
15.869
15.869
10.588
10.588
10.588
10.588
7.64
7.64
12.416
12.416
12.416
12.416
50.0
50.0
50.0
50.0
97.0
97.0
39.43
39.43
39.43
34.6
34.6
46.63
46.63
46.63
46.63
102.0
102.0
102.0
102.0
102.0
15.998
15.998
15.998
15.998
66.555
66.555
66.555
66.555
66.555
66.555
10.971
10.971
10.971
17.323
17.323
17.323
17.323
17.323
11.075
11.075
11.075
11.075
10.629
10.629
10.629
10.629
13.354
13.354
13.354
13.354
13.354
13.354
70.0
10.931
10.931
10.931
10.931
10.931
70.0
70.0
70.0
nan
nan
nan
nan
nan
37.361
37.361
37.361
37.361
37.361
46.87
46.87
46.87
46.87
56.285
56.285
56.285
56.285
56.285
56.285
56.285
56.285
56.285
56.285
110.0
110.0
110.0
110.0
73.536
73.536
73.536
73.536
52.3
52.3
52.3
52.3
52.3
52.3
31.63
31.63
31.63
31.63
31.63
58.166
32.822
32.822
32.822
32.822
32.822
58.166
58.166
58.166
61.821
30.857
30.857
30.857
30.857
30.857
30.857
30.857
78.52
78.52
78.52
61.821
61.821
61.821
61.821
61.821
61.821
61.821
61.821
22.15
22.15
22.15
22.15
22.15
22.15
45.529
45.529
45.529
45.529
45.529
46.9
46.9
46.9
46.9
46.9
37.818
37.818
37.818
37.818
37.818
37.818
31.293
31.293
31.293
31.293
31.293
31.293
166.028
166.028
166.028
18.216
18.216
18.216
18.216
18.216
18.216
7.046
7.046
7.046
7.046
7.046
7.046
7.046
7.046
7.046
7.046
7.046
7.046
7.046
7.046
7.046
7.046
7.046
7.046
7.046
7.046
7.046
7.046
7.046
7.046
7.046
7.046
7.046
7.046
7.046
7.046
7.046
7.046
7.046
7.046
7.046
7.046
7.046
7.046
7.046
7.046
7.046
7.046
7.046
7.046
7.046
7.046
7.046
7.046
7.046
7.046
7.046
7.046
7.046
7.046
7.046
7.046
7.046
7.046
7.046
7.046
7.046
7.046
7.046
7.046
7.046
7.046
7.046
7.046
7.046
7.046
7.046
7.046
7.046
7.046
7.046
7.046
7.046
7.046
7.046
7.046
7.046
7.046
7.046
7.046
7.046
7.046
7.046
7.046
7.046
7.046
7.046
7.046
7.046
7.046
7.046
7.046
7.046
7.046
7.046
7.046
7.046
7.046
7.046
7.046
7.046
7.046
7.046
7.046
7.046
7.046
7.046
7.046
7.046
7.046
7.046
7.046
7.046
7.046
7.046
7.046
7.046
7.046
7.046
7.046
7.046
7.046
7.046
7.046
7.046
7.046
7.046
7.046
7.046
7.046
7.046
7.046
7.046
7.046
7.046
7.046
7.046
7.046
7.046
7.046
7.046
7.046
7.046
7.046
7.046
7.046
7.046
7.046
7.046
7.046
7.046
7.046
7.046
7.046
7.046
7.046
7.046
7.046
7.046
7.046
7.046
7.046
7.046
7.046
7.046
7.046
7.046
7.046
7.046
7.046
7.046
7.046
7.046
7.046
7.046
7.046
7.046
7.046
7.046
7.046
7.046
7.046
7.046
7.046
7.046
7.046
7.046
7.046
7.046
7.046
7.046
7.046
7.046
7.046
7.046
7.046
7.046
7.046
7.046
7.046
7.046
7.046
7.046
7.046
7.046
7.046
7.046
7.046
7.046
7.046
7.046
7.046
7.046
7.046
7.046
7.046
7.046
7.046
7.046
7.046
7.046
7.046
7.046
7.046
7.046
7.046
7.046
7.046
7.046
7.046
7.046
7.046
7.046
7.046
7.046
7.046
7.046
7.046
7.046
7.046
7.046
7.046
7.046
7.046
7.046
7.046
7.046
7.046
7.046
7.046
7.046
7.046
7.046
7.046
7.046
7.046
7.046
7.046
7.046
7.046
7.046
7.046
7.046
7.046
7.046
7.046
7.046
7.046
7.046
7.046
7.046
7.046
7.046
7.046
7.046
7.046
7.046
7.046
7.046
7.046
7.046
7.046
7.046
7.046
7.046
7.046
7.046
7.046
7.046
7.046
7.046
7.046
7.046
7.046
7.046
7.046
7.046
7.046
7.046
7.046
7.046
7.046
7.046
7.046
7.046
7.046
7.046
7.046
7.046
7.046
7.046
7.046
7.046
7.046
7.046
7.046
7.046
7.046
7.046
7.046
7.046
7.046
7.046
7.046
7.046
7.046
7.046
7.046
7.046
7.046
7.046
7.046
7.046
7.046
7.046
7.046
7.046
7.046
7.046
7.046
7.046
7.046
7.046
7.046
7.046
7.046
7.046
7.046
7.046
7.046
7.046
7.046
7.046
7.046
7.046
7.046
7.046
7.046
7.046
7.046
7.046
7.046
7.046
7.046
7.046
7.046
7.046
7.046
7.046
7.046
7.046
7.046
7.046
7.046
7.046
7.046
7.046
7.046
7.046
7.046
7.046
7.046
7.046
7.046
7.046
7.046
7.046
7.046
7.046
7.046
7.046
7.046
7.046
7.046
7.046
7.046
7.046
7.046
7.046
7.046
7.046
7.046
7.046
7.046
7.046
7.046
7.046
7.046
7.046
7.046
7.046
7.046
7.046
7.046
7.046
7.046
7.046
7.046
7.046
7.046
7.046
7.046
7.046
7.046
7.046
7.046
7.046
7.046
7.046
7.046
7.046
7.046
7.046
7.046
7.046
7.046
7.046
7.046
7.046
7.046
7.046
7.046
7.046
7.046
7.046
7.046
7.046
7.046
7.046
7.046
7.046
7.046
7.046
7.046
7.046
7.046
7.046
7.046
7.046
7.046
7.046
7.046
7.046
7.046
7.046
7.046
7.046
7.046
7.046
7.046
7.046
7.046
7.046
7.046
7.046
7.046
7.046
7.046
7.046
7.046
7.046
7.046
7.046
7.046
7.046
7.046
7.046
7.046
7.046
7.046
7.046
7.046
7.046
7.046
7.046
7.046
58.913
58.913
58.913
58.913
58.913
58.913
31.714
31.714
31.714
31.714
31.714
31.714
31.714
61.37
61.37
61.37
61.37
61.37
61.37
61.37
22.112
22.112
22.112
22.112
22.112
22.112
22.112
73.783
73.783
73.783
73.783
73.783
73.783
73.783
73.783
75.823
75.823
75.823
75.823
75.823
75.823
75.823
75.823
75.823
75.823
75.823
75.823
75.823
29.959
29.959
29.959
29.959
29.959
29.959
36.264
36.264
36.264
35.452
35.452
35.452
35.452
35.452
38.7
38.7
38.7
38.7
38.7
38.7
37.173
37.173
37.173
37.173
37.173
37.173
37.173
37.173
37.173
82.251
82.251
82.251
82.251
22.939
22.939
22.939
22.939
22.939
23.643
23.643
23.643
23.643
23.643
27.033
27.033
27.033
27.033
27.033
152.658
152.658
152.658
152.658
103.039
103.039
103.039
22.383
22.383
22.383
63.716
63.716
63.716
63.716
63.716
63.716
63.716
63.716
53.906
53.906
53.906
53.906
53.906
92.0
92.0
92.0
92.0
92.0
41.662
41.662
41.662
41.662
41.662
35.614
35.614
35.614
39.958
39.958
39.958
39.958
39.958
39.958
52.293
52.293
52.293
52.293
165.957
165.957
165.957
165.957
165.957
79.796
79.796
79.796
79.796
79.796
79.796
79.796
37.198
37.198
37.198
37.198
37.198
37.198
37.198
37.198
48.879
48.879
48.879
48.879
48.879
48.879
48.879
34.42
34.42
34.42
23.972
23.972
23.972
23.972
26.612
26.612
26.612
26.612
26.612
26.612
26.612
26.612
145.0
145.0
145.0
145.0
145.0
145.0
145.0
145.0
145.0
19.123
19.123
19.123
19.123
19.123
113.307
113.307
113.307
113.307
113.307
113.307
113.307
175.053
175.053
175.053
175.053
175.053
175.053
118.229
118.229
118.229
118.229
118.229
118.229
118.229
118.229
118.229
19.051
19.051
19.051
19.051
19.051
15.815
15.815
15.815
15.815
17.708
17.708
17.708
17.708
17.708
17.708
17.708
17.708
17.708
13.026
13.026
13.026
13.026
13.026
21.29
21.29
21.29
29.833
29.833
29.833
29.833
29.833
29.833
29.833
29.833
35.98
35.98
35.98
35.98
35.98
35.98
35.98
35.98
150.56
150.56
150.56
150.56
21.4
21.4
21.4
21.4
21.4
21.4
6.568
6.568
6.568
6.568
6.568
6.568
6.568
12.64
12.64
12.64
12.64
12.64
12.008
12.008
12.008
12.008
12.008
12.008
12.008
12.008
38.3
38.3
38.3
38.3
22.225
22.225
22.225
22.225
22.225
22.225
59.811
59.811
59.811
59.811
59.811
59.811
59.811
19.257
19.257
19.257
19.257
19.257
19.257
21.746
21.746
15.986
15.986
15.986
9.866
9.866
9.866
133.096
133.096
133.096
133.096
19.596
19.596
19.596
19.596
19.596
19.596
19.596
31.844
31.844
31.844
21.116
21.116
21.116
19.491
19.491
19.491
19.491
66.435
66.435
10.884
10.884
10.884
10.884
102.882
102.882
81.733
81.733
81.733
14.613
14.613
14.613
14.387
14.387
14.387
14.387
96.568
96.568
26.283
26.283
26.283
17.268
17.268
17.268
17.268
17.268
27.479
27.479
26.878
26.878
18.14
18.14
107.3
107.3
30.207
30.207
30.207
30.207
30.207
164.0
164.0
164.0
164.0
164.0
182.472
182.472
126.076
89.888
89.888
89.888
89.888
89.888
89.888
126.076
126.076
14.457
14.457
14.457
14.457
14.457
11.093
11.093
11.093
11.093
16.362
16.362
16.362
16.362
16.362
119.0
119.0
119.0
100.379
100.379
100.379
100.379
100.379
77.071
77.071
77.071
77.071
263.468
263.468
263.468
263.468
21.938
21.938
7.74
7.74
7.74
151.413
151.413
151.413
151.413
109.315
109.315
109.315
109.315
12.395
12.395
12.395
39.328
39.328
39.328
39.328
53.238
53.238
53.238
13.786
13.786
13.786
13.786
13.786
85.909
85.909
85.909
85.909
85.909
273.322
273.322
273.322
212.6
212.6
126.719
126.719
81.688
81.688
80.697
80.697
80.697
80.697
80.697
80.697
199.0
199.0
160.204
35.356
35.356
35.356
62.692
62.692
62.692
160.204
62.377
62.377
62.377
55.0
55.0
55.0
55.0
19.543
19.543
19.543
19.543
7.507
7.507
7.507
7.507
7.507
7.507
7.507
7.507
7.507
7.507
7.507
7.507
7.507
7.507
7.507
7.507
7.507
7.507
7.507
7.507
7.507
7.507
7.507
7.507
7.507
7.507
7.507
7.507
7.507
7.507
7.507
7.507
7.507
7.507
7.507
7.507
7.507
7.507
7.507
7.507
7.507
7.507
7.507
7.507
7.507
7.507
7.507
7.507
7.507
7.507
7.507
7.507
7.507
7.507
7.507
7.507
7.507
7.507
7.507
7.507
7.507
7.507
7.507
7.507
7.507
7.507
7.507
7.507
7.507
7.507
7.507
7.507
7.507
7.507
7.507
7.507
7.507
7.507
7.507
7.507
7.507
7.507
7.507
7.507
7.507
7.507
7.507
7.507
7.507
7.507
7.507
7.507
7.507
7.507
7.507
7.507
7.507
7.507
7.507
7.507
7.507
7.507
7.507
7.507
7.507
7.507
7.507
7.507
7.507
7.507
7.507
7.507
7.507
7.507
7.507
7.507
7.507
7.507
7.507
7.507
7.507
7.507
7.507
7.507
7.507
7.507
7.507
7.507
7.507
7.507
7.507
7.507
7.507
7.507
7.507
7.507
7.507
7.507
7.507
7.507
7.507
7.507
7.507
7.507
7.507
7.507
7.507
7.507
7.507
7.507
7.507
7.507
7.507
7.507
7.507
7.507
7.507
7.507
7.507
7.507
7.507
7.507
7.507
7.507
7.507
7.507
7.507
7.507
7.507
7.507
7.507
7.507
7.507
7.507
7.507
7.507
7.507
7.507
7.507
7.507
7.507
7.507
7.507
7.507
7.507
7.507
7.507
7.507
7.507
7.507
7.507
7.507
7.507
7.507
7.507
7.507
7.507
7.507
7.507
7.507
7.507
7.507
7.507
7.507
8.315
8.315
8.315
8.315
8.315
8.315
8.315
8.315
8.315
8.315
8.315
8.315
8.315
8.315
8.315
8.315
8.315
8.315
8.315
8.315
8.315
8.315
8.315
8.315
8.315
8.315
8.315
8.315
8.315
8.315
8.315
8.315
8.315
8.315
8.315
8.315
8.315
8.315
8.315
8.315
8.315
8.315
8.315
8.315
8.315
8.315
8.315
8.315
8.315
8.315
8.315
8.315
8.315
8.315
8.315
8.315
8.315
8.315
8.315
8.315
8.315
8.315
8.315
8.315
8.315
8.315
8.315
8.315
8.315
8.315
8.315
8.315
8.315
8.315
8.315
8.315
8.315
8.315
8.315
8.315
8.315
8.315
8.315
8.315
8.315
8.315
8.315
8.315
8.315
8.315
8.315
8.315
8.315
8.315
8.315
8.315
8.315
8.315
8.315
8.315
8.315
8.315
8.315
8.315
8.315
8.315
8.315
8.315
8.315
8.315
8.315
8.315
8.315
8.315
8.315
8.315
8.315
8.315
8.315
8.315
8.315
8.315
8.315
8.315
8.315
8.315
8.315
8.315
8.315
8.315
8.315
8.315
8.315
8.315
8.315
8.315
8.315
8.315
8.315
8.315
8.315
8.315
8.315
8.315
8.315
8.315
8.315
8.315
8.315
8.315
8.315
8.315
8.315
8.315
8.315
8.315
8.315
8.315
8.315
8.315
8.315
8.315
8.315
5.756
5.756
5.756
5.756
5.756
5.756
5.756
5.756
5.756
5.756
5.756
5.756
5.756
5.756
5.756
5.756
5.756
5.756
5.756
5.756
5.756
5.756
5.756
5.756
5.756
5.756
5.756
5.756
5.756
5.756
5.756
5.756
5.756
5.756
5.756
5.756
5.756
5.756
5.756
5.756
5.756
5.756
5.756
5.756
5.756
5.756
5.756
5.756
5.756
5.756
5.756
5.756
5.756
5.756
5.756
5.756
5.756
5.756
5.756
5.756
5.756
5.756
5.756
5.756
5.756
5.756
5.756
5.756
5.756
5.756
5.756
5.756
5.756
5.756
5.756
5.756
5.756
5.756
5.756
5.756
5.756
5.756
5.756
5.756
5.756
5.756
5.756
5.756
5.756
5.756
5.756
5.756
5.756
5.756
5.756
5.756
5.756
5.756
5.756
5.756
5.756
5.756
5.756
5.756
5.756
5.756
5.756
5.756
5.756
5.756
5.756
5.756
5.756
5.756
5.756
5.756
5.756
5.756
5.756
5.756
5.756
5.756
5.756
5.756
5.756
5.756
5.756
5.756
5.756
5.756
5.756
5.756
5.756
4.222
4.222
4.222
4.222
4.222
4.222
4.222
4.222
4.222
4.222
4.222
4.222
4.222
4.222
4.222
4.222
4.222
4.222
4.222
4.222
4.222
4.222
4.222
4.222
4.222
4.222
4.222
4.222
4.222
4.222
4.222
4.222
4.222
4.222
4.222
4.222
4.222
4.222
4.222
4.222
4.222
4.222
4.222
4.222
4.222
4.222
4.222
4.222
4.222
4.222
4.222
4.222
4.222
4.222
4.222
4.222
4.222
4.222
4.222
4.222
5.97
5.97
5.97
5.97
5.97
5.97
5.97
5.97
5.97
5.97
5.97
5.97
5.97
5.97
5.97
5.97
5.97
5.97
5.97
5.97
5.97
5.97
5.97
5.97
5.97
5.97
5.97
5.97
5.97
5.97
5.97
5.97
5.97
5.97
5.97
5.97
5.97
5.97
5.97
5.97
5.97
5.97
5.97
5.97
5.97
5.97
5.97
5.97
5.97
5.97
5.97
5.97
5.97
5.97
5.97
5.97
5.97
5.97
5.97
5.97
5.97
5.97
5.97
5.97
5.97
5.97
5.97
5.97
5.97
5.97
5.97
5.97
5.97
5.97
5.97
5.97
5.97
5.97
5.97
5.97
5.97
5.97
5.97
5.97
5.97
5.97
5.97
5.97
5.97
5.97
5.97
5.97
5.97
5.97
5.97
5.97
5.97
139.785
139.785
139.785
139.785
139.785
139.785
139.785
139.785
139.785
139.785
139.785
139.785
139.785
139.785
139.785
139.785
139.785
139.785
139.785
139.785
139.785
139.785
139.785
139.785
139.785
139.785
139.785
139.785
139.785
139.785
139.785
139.785
139.785
139.785
139.785
139.785
139.785
139.785
139.785
139.785
139.785
139.785
139.785
139.785
139.785
139.785
139.785
139.785
139.785
139.785
139.785
139.785
139.785
139.785
139.785
139.785
139.785
139.785
139.785
139.785
139.785
139.785
139.785
139.785
139.785
139.785
139.785
139.785
139.785
139.785
139.785
139.785
3.521
3.521
3.521
3.521
3.521
3.521
3.521
3.521
3.521
3.521
3.521
3.521
3.521
3.521
3.521
3.521
3.521
3.521
3.521
3.521
3.521
3.521
3.521
3.521
3.521
3.521
3.521
3.521
3.521
3.521
3.521
3.521
3.521
3.521
3.521
3.521
3.521
3.521
3.521
3.521
3.521
3.521
3.521
3.521
3.521
3.521
3.521
3.521
3.521
3.521
3.521
3.521
3.521
3.521
3.521
3.521
3.521
3.521
3.521
3.521
3.521
3.521
3.521
3.521
3.521
3.521
6.63
6.63
6.63
6.63
6.63
6.63
6.63
6.63
6.63
6.63
6.63
6.63
6.63
6.63
6.63
6.63
6.63
6.63
6.63
6.63
6.63
6.63
6.63
6.63
6.63
6.63
6.63
6.63
6.63
6.63
6.63
6.63
6.63
6.63
6.63
6.63
6.63
6.63
6.63
6.63
6.63
6.63
6.63
6.63
6.63
6.63
6.63
6.63
6.63
6.63
6.63
6.63
6.63
6.63
6.63
4.119
4.119
4.119
4.119
4.119
4.119
4.119
4.119
4.119
4.119
4.119
4.119
4.119
4.119
4.119
4.119
4.119
4.119
4.119
4.119
4.119
4.119
4.119
4.119
4.119
4.119
4.119
4.119
4.119
4.119
4.119
4.119
4.119
4.119
4.119
4.119
4.119
4.119
4.119
4.119
4.119
4.119
4.119
4.119
4.119
4.119
4.119
4.119
4.119
4.119
4.591
4.591
4.591
4.591
4.591
4.591
4.591
4.591
4.591
4.591
4.591
4.591
4.591
4.591
4.591
4.591
4.591
4.591
4.591
4.591
4.591
4.591
4.591
4.591
4.591
4.591
4.591
4.591
4.591
4.591
4.591
4.591
4.591
4.591
4.591
4.591
4.591
4.591
4.591
4.591
4.591
4.591
4.591
4.591
4.591
4.591
4.591
4.591
6.277
6.277
6.277
6.277
6.277
6.277
6.277
6.277
6.277
6.277
6.277
6.277
6.277
6.277
6.277
6.277
6.277
6.277
6.277
6.277
6.277
6.277
6.277
6.277
6.277
6.277
6.277
6.277
6.277
6.277
6.277
6.277
6.277
6.277
6.277
6.277
6.277
6.277
6.277
6.277
6.277
6.277
6.277
6.277
6.277
6.277
6.277
6.277
6.277
6.277
6.277
6.277
19.017
7.56
9.984
10.253
4.61
8.292
6.104
6.96
10.244
11.042
11.424
11.038
8.97
38.2
14.829
35.482
12.291
13.7
14.252
6.421
nan
8.907
28.838
13.548
17.989
15.213
9.255
35.512
12.859
5.413
27.856
10.912
16.001
24.371
31.2
21.015
7.012
18.8
3.987
6.43
21.0
20.1
16.4
21.8
nan
21.219
19.916
13.739
17.265
6.615
11.063
8.129
24.127
10.768
11.915
14.02
11.1
7.258
7.645
17.0
6.777
11.118
7.0
8.779
26.654
19.087
15.865
9.217
7.593
17.958
6.118
19.885
9.027
29.599
11.421
12.46
7.902
9.9
14.952
6.086
9.04
7.937
4.099
10.955
12.218
nan
8.866
6.882
20.5
9.204
8.225
7.965
8.636
17.202
6.875
8.38
10.8
19.132
12.0
11.59
5.414
nan
14.462
17.528
9.595
7.893
12.815
12.048
8.35
11.562
8.127
8.123
16.72
5.606
6.1
6.58
7.671
16.925
13.833
11.434
8.31
12.653
13.42
10.261
14.02
6.675
9.208
9.473
11.878
31.7
6.127
5.29
12.728
17.714
nan
5.16
5.087
19.083
12.811
10.584
9.013
6.766
17.349
11.525
10.479
8.693
6.759
8.419
6.801
5.478
8.143
11.963
7.183
12.143
15.867
8.5
9.924
11.43
6.6
9.7
14.414
16.292
4.35
23.901
11.135
8.514
52.72
10.352
nan
6.559
13.513
31.335
20.765
11.057
7.375
3.976
12.961
2.574
5.222
8.785
6.222
nan
4.603
33.04
4.962
12.348
11.151
3.685
9.739
12.28
7.8
7.337
6.922
6.6
10.238
31.635
5.839
10.485
12.473
9.445
6.863
30.693
12.715
5.365
9.35
8.3
11.4
11.98
3.81
51.903
6.1
30.734
46.323
5.225
6.685
14.68
8.653
5.958
8.459
nan
5.765
28.806
20.817
4.03
5.172
6.535
nan
26.337
6.528
7.464
4.922
6.391
6.706
nan
10.126
9.624
5.2
10.929
10.97
7.792
5.25
11.058
8.86
4.912
8.25
7.294
92.318
8.08
8.001
6.148
9.68
24.379
7.711
14.0
10.041
9.98
24.873
7.715
5.354
2.94
4.06
7.363
3.772
5.018
6.401
9.608
8.042
9.013
9.735
48.444
11.292
16.049
9.805
52.556
33.082
3.898
14.693
28.841
9.8
5.132
1.887
8.312
4.844
4.617
5.41
36.233
6.261
8.252
4.305
12.525
8.19
6.488
6.953
76.148
9.494
18.3
12.6
6.364
31.1
nan
6.037
4.078
48.0
4.57
49.198
4.781
11.073
7.012
7.672
4.692
8.128
12.864
4.31
76.219
10.397
nan
9.0
7.591
6.676
7.555
5.957
5.834
3.549
7.679
7.882
46.0
10.765
8.11
19.556
11.0
11.804
nan
5.992
7.8
7.4
9.433
11.447
7.94
23.864
27.234
5.559
6.883
5.114
10.767
7.784
20.469
5.214
7.066
39.68
4.471
nan
7.241
nan
11.666
9.088
33.747
16.71
15.621
4.858
4.908
3.485
3.477
26.3
8.895
5.565
132.0
8.055
6.4
6.29
10.623
8.336
4.188
12.007
8.1
23.482
5.02
3.784
8.146
29.152
7.578
7.808
4.182
70.661
6.232
3.46
5.0
5.067
3.443
7.441
7.934
5.375
13.456
6.681
nan
7.562
nan
10.09
4.904
nan
5.0
11.17
6.581
6.388
4.08
4.0
6.2
9.0
nan
5.158
5.244
14.138
2.884
6.267
8.599
11.504
9.918
4.011
6.58
5.911
nan
5.154
8.499
7.315
10.19
12.29
9.741
7.812
9.614
13.559
4.157
9.3
3.062
13.257
6.858
4.03
6.931
53.327
4.882
42.696
8.083
36.977
25.681
10.006
6.866
5.14
7.0
8.38
10.534
8.421
11.611
4.25
5.548
6.302
36.111
84.415
67.701
37.818
4.37
6.443
12.727
7.46
10.336
9.646
6.568
nan
6.641
37.365
48.526
7.16
7.473
12.809
25.352
6.885
8.53
45.8
6.495
13.928
28.7
21.8
14.88
9.706
13.757
nan
7.84
23.961
nan
27.812
12.402
27.087
12.8
9.995
58.123
12.252
26.828
14.364
12.2
9.204
71.208
nan
24.0
6.352
6.352
6.352
6.352
6.352
6.352
6.352
6.352
6.352
6.352
6.352
13.5
13.5
13.5
13.5
13.5
13.5
13.5
13.5
13.5
7.922
7.922
7.922
7.922
7.922
7.922
7.922
7.922
7.922
7.922
7.922
7.922
7.922
7.922
9.639
9.639
9.639
9.639
9.639
9.639
9.639
9.639
9.639
9.639
9.639
9.639
9.639
9.639
9.639
9.639
9.639
9.639
7.47
7.47
7.47
7.47
7.47
7.47
7.47
7.47
7.47
7.47
7.47
7.47
7.47
7.47
7.47
5.336
5.336
5.336
5.336
5.336
5.336
5.336
5.336
5.336
5.336
5.336
5.336
5.336
5.336
5.336
5.336
5.336
5.336
5.336
5.336
6.848
6.848
6.848
6.848
6.848
6.848
6.848
6.848
6.848
6.848
6.848
6.848
6.848
6.848
6.848
6.848
6.848
6.848
6.848
6.848
6.848
6.848
nan
nan
nan
nan
nan
nan
nan
nan
nan
nan
nan
nan
nan
nan
nan
nan
nan
7.339
7.339
7.339
7.339
7.339
7.339
7.339
7.339
7.339
7.339
7.339
7.339
7.339
7.339
7.339
7.339
7.339
7.339
7.339
7.339
7.339
7.339
7.875
7.875
7.875
7.875
7.875
7.875
7.875
7.875
7.875
7.875
7.875
7.875
7.875
7.875
7.875
7.875
4.361
4.361
4.361
4.361
4.361
4.361
4.361
4.361
4.361
4.361
4.361
4.361
4.361
4.361
4.361
nan
nan
nan
nan
nan
nan
nan
nan
nan
nan
nan
nan
nan
nan
nan
nan
nan
nan
nan
nan
nan
nan
9.88
9.88
9.88
9.88
9.88
9.88
9.88
9.88
9.88
9.88
9.88
9.88
9.88
9.88
9.88
9.88
9.88
5.2
5.2
5.2
5.2
5.2
5.2
5.2
5.2
5.2
5.2
5.2
5.2
5.2
5.2
5.2
5.2
5.2
7.514
7.514
7.514
7.514
7.514
7.514
7.514
7.514
7.514
7.514
7.514
7.514
5.962
5.962
5.962
5.962
5.962
5.962
5.962
5.962
5.962
5.962
5.962
5.962
5.962
5.962
5.962
5.962
5.962
8.84
8.84
8.84
8.84
8.84
8.84
8.84
8.84
8.84
8.84
8.84
6.52
6.52
6.52
6.52
6.52
6.52
6.52
6.52
6.52
6.52
6.52
6.52
6.52
6.52
6.52
7.15
7.15
7.15
7.15
7.15
7.15
7.15
7.15
7.15
7.15
nan
nan
nan
nan
nan
nan
nan
nan
3.63
3.63
3.63
3.63
3.63
3.63
3.63
3.63
3.63
3.63
3.63
3.63
6.933
6.933
6.933
6.933
6.933
6.933
6.933
6.933
6.933
6.933
6.933
6.933
6.933
6.933
3.3
3.3
3.3
3.3
3.3
3.3
3.3
3.3
3.3
3.3
3.3
12.428
12.428
12.428
12.428
12.428
12.428
12.428
12.428
6.074
6.074
6.074
6.074
6.074
6.074
6.074
6.074
5.955
5.955
5.955
5.955
nan
nan
nan
nan
nan
nan
nan
nan
nan
4.959
4.959
4.959
4.959
4.959
4.959
4.959
4.959
4.959
525.4
6.601
6.601
6.601
6.601
6.601
6.601
6.601
6.601
6.601
6.601
6.601
6.601
6.55
6.55
6.55
6.55
6.55
6.55
6.55
3.953
3.953
3.953
3.953
3.953
3.953
3.953
3.953
3.953
5.116
5.116
5.116
5.116
5.116
5.116
5.116
5.116
5.116
nan
nan
nan
nan
nan
4.669
4.669
4.669
4.669
4.669
4.669
4.669
4.669
4.669
4.669
4.669
4.669
3.862
3.862
3.862
3.862
3.862
3.862
3.862
3.862
3.862
3.862
3.862
3.862
nan
nan
nan
nan
nan
nan
nan
nan
nan
nan
525.4
525.4
525.4
525.4
525.4
525.4
525.4
4.617
4.617
4.617
4.617
4.617
4.617
4.617
4.617
4.617
4.617
4.617
4.617
4.617
5.302
5.302
5.302
5.302
5.302
5.302
6.8
6.8
6.8
6.8
6.8
6.8
6.8
6.8
4.424
4.424
4.424
4.424
4.424
4.424
nan
nan
nan
nan
nan
nan
nan
nan
nan
nan
nan
nan
nan
nan
nan
nan
nan
nan
nan
nan
nan
nan
nan
nan
nan
nan
nan
nan
nan
nan
nan
nan
nan
nan
nan
nan
nan
nan
nan
nan
nan
nan
nan
nan
nan
nan
nan
nan
nan
nan
nan
nan
nan
nan
nan
nan
nan
nan
nan
nan
nan
nan
nan
nan
nan
nan
nan
nan
nan
nan
nan
nan
nan
nan
nan
nan
nan
nan
nan
nan
nan
nan
nan
nan
nan
nan
nan
nan
nan
nan
nan
nan
nan
nan
nan
nan
nan
nan
nan
nan
nan
nan
nan
nan
nan
nan
nan
nan
nan
nan
nan
nan
nan
nan
nan
nan
nan
nan
nan
nan
nan
nan
nan
nan
nan
nan
nan
nan
nan
nan
nan
nan
nan
nan
nan
nan
nan
nan
nan
nan
nan
nan
nan
nan
nan
nan
nan
nan
nan
nan
nan
nan
nan
nan
nan
nan
nan
nan
nan
nan
nan
nan
nan
nan
nan
nan
nan
nan
nan
nan
nan
nan
nan
nan
nan
nan
nan
nan
nan
nan
nan
nan
nan
nan
nan
nan
nan
nan
nan
nan
nan
nan
nan
nan
nan
nan
nan
nan
nan
nan
nan
nan
nan
nan
nan
nan
nan
nan
nan
nan
nan
nan
nan
nan
nan
nan
nan
nan
nan
nan
nan
nan
nan
nan
nan
nan
nan
nan
nan
nan
nan
nan
nan
nan
nan
nan
nan
nan
nan
nan
nan
nan
nan
nan
nan
nan
nan
nan
nan
nan
nan
nan
nan
nan
nan
nan
nan
nan
nan
nan
nan
nan
nan
nan
nan
nan
nan
nan
nan
nan
nan
nan
nan
nan
nan
nan
nan
nan
nan
nan
nan
nan
nan
nan
nan
nan
nan
nan
nan
nan
nan
nan
nan
nan
nan
nan
nan
nan
nan
nan
nan
nan
nan
nan
nan
nan
nan
nan
nan
nan
nan
nan
nan
nan
nan
nan
nan
nan
nan
nan
nan
nan
nan
nan
nan
nan
nan
nan
nan
nan
nan
nan
nan
nan
nan
nan
nan
nan
nan
nan
nan
nan
nan
nan
nan
nan
nan
nan
nan
nan
nan
nan
nan
nan
nan
nan
nan
nan
nan
nan
nan
nan
nan
nan
nan
nan
nan
nan
nan
nan
nan
nan
nan
nan
nan
nan
nan
nan
nan
nan
nan
nan
nan
nan
nan
nan
nan
nan
nan
nan
nan
nan
nan
nan
nan
nan
nan
nan
nan
nan
nan
nan
nan
nan
nan
nan
nan
nan
nan
nan
nan
nan
nan
nan
nan
nan
nan
nan
nan
nan
nan
nan
nan
nan
nan
nan
nan
nan
nan
nan
nan
nan
nan
nan
nan
nan
nan
nan
nan
nan
nan
nan
nan
nan
nan
nan
nan
nan
nan
nan
nan
nan
nan
nan
nan
nan
nan
nan
nan
nan
nan
nan
nan
nan
nan
nan
nan
nan
nan
nan
nan
nan
nan
nan
nan
nan
nan
nan
nan
nan
nan
nan
nan
nan
nan
nan
nan
nan
nan
nan
nan
nan
nan
nan
nan
nan
nan
nan
nan
nan
26.388
26.388
26.388
26.388
26.388
26.388
26.388
26.388
26.388
26.388
26.388
26.388
26.388
26.388
26.388
26.388
26.388
26.388
26.388
26.388
26.388
26.388
26.388
26.388
26.388
26.388
26.388
26.388
26.388
26.388
26.388
26.388
26.388
26.388
26.388
26.388
26.388
26.388
26.388
26.388
26.388
26.388
26.388
33.292
33.292
33.292
33.292
33.292
33.292
33.292
33.292
33.292
33.292
33.292
33.292
33.292
33.292
33.292
33.292
33.292
33.292
33.292
33.292
33.292
33.292
33.292
33.292
33.292
33.292
33.292
33.292
33.292
33.292
33.292
33.292
33.292
33.292
33.292
33.292
33.292
33.292
33.292
33.292
33.292
33.292
33.292
33.292
33.292
33.292
33.292
33.292
33.292
33.292
33.292
33.292
33.292
33.292
33.292
33.292
33.292
33.292
33.292
33.292
33.292
33.292
33.292
33.292
33.292
33.292
33.292
33.292
33.292
33.292
33.292
33.292
33.292
33.292
33.292
33.292
33.292
33.292
44.424
44.424
44.424
44.424
44.424
44.424
44.424
44.424
44.424
44.424
44.424
44.424
44.424
44.424
44.424
44.424
44.424
44.424
44.424
44.424
44.424
44.424
44.424
44.424
44.424
44.424
44.424
44.424
44.424
44.424
44.424
44.424
44.424
44.424
44.424
44.424
44.424
44.424
44.424
44.424
44.424
44.424
44.424
44.424
44.424
44.424
44.424
44.424
44.424
44.424
44.424
44.424
44.424
44.424
44.424
44.424
44.424
44.424
44.424
44.424
44.424
44.424
44.424
44.424
44.424
44.424
44.424
44.424
52.046
52.046
52.046
52.046
52.046
52.046
52.046
52.046
52.046
52.046
52.046
52.046
52.046
52.046
52.046
52.046
52.046
52.046
52.046
52.046
52.046
52.046
52.046
52.046
52.046
52.046
52.046
52.046
52.046
52.046
52.046
52.046
52.046
52.046
52.046
52.046
52.046
52.046
52.046
52.046
52.046
52.046
52.046
52.046
52.046
52.046
52.046
52.046
52.046
52.046
52.046
52.046
52.046
52.046
52.046
52.046
52.046
52.046
52.046
52.046
52.046
52.046
52.046
52.046
52.046
52.046
52.046
52.046
52.046
52.046
52.046
52.046
52.046
52.046
52.046
52.046
124.333
124.333
124.333
124.333
124.333
124.333
124.333
124.333
124.333
124.333
124.333
124.333
124.333
124.333
124.333
124.333
124.333
124.333
124.333
124.333
124.333
124.333
124.333
124.333
124.333
124.333
124.333
124.333
124.333
124.333
124.333
124.333
124.333
124.333
124.333
124.333
124.333
124.333
124.333
124.333
124.333
124.333
124.333
124.333
124.333
13.974
13.974
13.974
13.974
13.974
13.974
13.974
13.974
13.974
13.974
13.974
13.974
13.974
13.974
13.974
13.974
13.974
13.974
13.974
13.974
13.974
13.974
13.974
13.974
13.974
13.974
13.974
13.974
13.974
13.974
13.974
13.974
13.974
13.974
13.974
13.974
13.974
13.974
13.974
13.974
13.974
13.974
13.974
13.974
13.974
13.974
13.974
13.974
13.974
120.745
120.745
120.745
120.745
120.745
120.745
120.745
120.745
120.745
120.745
120.745
120.745
120.745
120.745
120.745
120.745
120.745
120.745
120.745
120.745
120.745
120.745
120.745
120.745
120.745
120.745
120.745
120.745
120.745
120.745
120.745
120.745
120.745
120.745
120.745
120.745
120.745
120.745
120.745
120.745
120.745
120.745
120.745
120.745
120.745
120.745
120.745
120.745
120.745
120.745
17.702
17.702
17.702
17.702
17.702
17.702
17.702
17.702
17.702
17.702
17.702
17.702
17.702
17.702
17.702
17.702
17.702
17.702
17.702
17.702
17.702
17.702
17.702
17.702
17.702
17.702
17.702
17.702
17.702
17.702
17.702
17.702
17.702
17.702
17.702
17.702
17.702
17.702
17.702
17.702
17.702
17.702
17.702
17.702
17.702
25.274
25.274
25.274
25.274
25.274
25.274
25.274
25.274
25.274
25.274
25.274
25.274
25.274
25.274
25.274
25.274
25.274
25.274
25.274
25.274
25.274
25.274
25.274
25.274
25.274
25.274
25.274
25.274
25.274
25.274
25.274
25.274
25.274
25.274
25.274
25.274
25.274
25.274
25.274
25.274
25.274
25.274
25.274
25.274
25.274
25.274
