0.2303
0.2303
0.2303
0.2303
0.2303
0.2303
0.2303
0.2303
0.2303
0.2303
0.2303
0.2303
0.2303
0.2303
0.2303
0.2303
0.2303
0.2303
0.2303
0.2303
0.2303
0.2303
0.2303
0.2303
0.2303
0.2303
0.2303
0.3021
0.3021
0.3021
0.3021
0.3021
0.3021
0.3021
0.3021
0.3021
0.3021
0.3021
0.3021
0.3021
0.3021
0.3021
0.3021
0.3021
0.3021
0.3021
0.3021
0.3021
0.3021
0.3021
0.3021
0.3021
0.3021
0.3021
0.3021
0.3021
0.2055
0.2055
0.2055
0.2055
0.2055
0.2055
0.2055
0.2055
0.2055
0.2055
0.2055
0.2055
0.2055
0.2055
0.2055
0.2055
0.2868
0.2868
0.2868
0.2868
0.2868
0.2868
0.2868
0.2868
0.2868
0.2868
0.2868
0.2868
0.2868
0.2868
0.2868
0.2868
0.2868
0.2868
0.2485
0.2485
0.2485
0.2485
0.2485
0.2485
0.2485
0.2485
0.2485
0.2485
0.2485
0.2485
0.2485
0.2485
0.2485
0.2485
0.2485
0.2485
0.2485
0.2485
0.2485
0.2485
0.2485
0.2485
0.2485
0.3903
0.3903
0.3903
0.3903
0.3903
0.3903
0.3903
0.3903
0.3903
0.3903
0.3903
0.3903
0.3903
0.3903
0.3903
0.3903
0.3903
0.3903
0.3903
0.3903
0.3903
0.3903
0.3903
0.3903
0.3903
0.3903
0.3903
0.3903
0.3903
0.3903
0.1167
0.1167
0.1167
0.1167
0.1167
0.1167
0.1167
0.1167
0.1167
0.1167
0.1167
0.1167
0.1167
0.1167
0.1167
0.1167
0.1167
0.1167
0.1167
0.1167
0.1167
0.1167
0.2156
0.2156
0.2156
0.2156
0.2156
0.2156
0.2156
0.2156
0.2156
0.2156
0.2156
0.2156
0.2156
0.2156
0.2156
0.2156
0.2156
0.2156
0.2156
0.2156
0.2156
0.2156
0.2156
0.2156
0.2156
0.2156
0.2156
0.2156
0.2156
0.2156
0.2156
0.2156
0.2156
0.1407
0.1407
0.1407
0.1407
0.1407
0.1407
0.1407
0.1407
0.1407
0.1407
0.1407
0.1407
0.1407
0.1407
0.1407
0.1407
0.1407
0.1407
0.1407
0.1407
0.1407
0.1407
0.1407
0.187
0.187
0.187
0.187
0.187
0.187
0.187
0.187
0.187
0.187
0.187
0.187
0.187
0.187
0.187
0.187
0.187
0.187
0.187
0.187
0.187
0.187
0.187
0.187
0.187
0.187
0.187
0.2506
0.2506
0.2506
0.2506
0.2506
0.2506
0.2506
0.2506
0.2506
0.2506
0.2506
0.2506
0.2506
0.2506
0.2506
0.2396
0.2396
0.2396
0.2396
0.2396
0.2396
0.2396
0.2396
0.2396
0.2396
0.2396
0.2396
0.2396
0.2396
0.2396
0.2396
0.2396
0.2396
0.2396
0.2396
0.2396
0.2396
0.2396
0.2396
0.2396
0.2396
0.2396
0.2396
0.2396
0.2396
0.2469
0.2469
0.2469
0.2469
0.2469
0.2469
0.2469
0.2469
0.2469
0.2469
0.2469
0.2469
0.2469
0.2469
0.2612250400896316
0.2601956531770681
0.2622711319100804
0.25737298681745385
0.25793977767832044
0.26471299238354573
0.2594250511302781
0.2576851225648813
0.261099268047741
0.2592112965590753
0.2617374192375702
0.26121696572521463
0.26128423156349956
0.2566071968853044
0.2157
0.2157
0.2157
0.2157
0.2157
0.2157
0.2157
0.2157
0.2157
0.2157
0.2157
0.2157
0.2157
0.0465
0.0465
0.0465
0.0465
0.0465
0.0465
0.0465
0.0465
0.0465
0.0465
0.0465
0.0465
0.0465
0.0465
0.0465
0.0465
0.0465
0.0465
0.0465
0.0465
0.0465
0.0465
0.0465
0.0465
0.3883
0.3883
0.3883
0.3883
0.3883
0.3883
0.3883
0.3883
0.3883
0.3883
0.3883
0.3883
0.3883
0.3883
0.3883
0.6922
0.6922
0.6922
0.6922
0.6922
0.6922
0.6922
0.6922
0.6922
0.6922
0.6922
0.6922
0.6922
0.6922
0.6922
0.6922
0.6922
0.558
0.558
0.558
0.558
0.558
0.558
0.558
0.558
0.558
0.558
0.558
0.558
0.558
0.558
0.558
0.558
0.558
0.558
0.558
0.558
0.1496
0.1496
0.1496
0.1496
0.1496
0.1496
0.1496
0.1496
0.1496
0.1496
0.1496
0.1496
0.1496
0.1496
0.1496
0.1496
0.1496
0.1496
0.1496
0.1496
0.1201
0.1201
0.1201
0.1201
0.1201
0.1201
0.1201
0.1201
0.1201
0.1201
0.1201
0.3429
0.3429
0.3429
0.3429
0.3429
0.3429
0.3429
0.3429
0.3429
0.3429
0.3429
0.3429
0.3429
0.3429
0.3429
0.3429
0.3429
0.3429
0.3429
0.3429
0.2516
0.2516
0.2516
0.2516
0.2516
0.2516
0.2516
0.2516
0.2516
0.2516
0.2516
0.2516
0.2516
0.2516
0.2516
0.2516
0.2516
0.2397
0.2397
0.2397
0.2397
0.2397
0.2397
0.2397
0.2397
0.2397
0.2397
0.2397
0.2397
0.2397
0.2397
0.2397
0.2397
0.2397
0.2397
0.2397
0.2397
0.0436
0.0436
0.0436
0.0436
0.0436
0.0436
0.0436
0.0436
0.0436
0.0436
0.0436
0.0436
0.0436
0.0436
0.0436
0.0436
0.0436
0.0436
0.0436
0.0436
0.0436
0.0436
0.0436
0.0436
0.0436
0.0436
0.0436
0.0436
0.0436
0.0436
0.0436
0.0436
0.0436
0.0436
0.0436
0.0436
0.0436
0.0436
0.0436
0.0436
0.0436
0.0436
0.0436
0.0436
0.0436
0.0436
0.0436
0.0436
0.0436
0.0436
0.0436
0.0436
0.0436
0.0436
0.0436
0.0436
0.0436
0.0436
0.0436
0.0436
0.0436
0.0436
0.0436
0.0436
0.0436
0.0436
0.0436
0.0436
0.0436
0.0436
0.0436
0.0436
0.0436
0.0436
0.0436
0.0436
0.0436
0.0436
0.0436
0.0436
0.0436
0.0436
0.0436
0.0436
0.0436
0.1392
0.1797
0.1797
0.1797
0.1797
0.1797
0.1797
0.1797
0.1797
0.1797
0.1797
0.1797
0.1797
0.1797
0.1797
0.1797
0.1797
0.1797
0.1797
0.1797
0.1797
0.1797
0.1797
0.1797
0.1797
0.1797
0.1797
0.1797
0.1797
0.1797
0.1797
0.1797
0.1797
0.1797
0.1797
0.1797
0.1797
0.1797
0.1797
0.1797
0.1797
0.1797
0.1797
0.1797
0.1797
0.1797
0.1797
0.1797
0.1797
0.1797
0.1797
0.1797
0.1797
0.1797
0.1797
0.1797
0.1797
0.1797
0.1797
0.1797
0.1797
0.1797
0.1797
0.1797
0.1797
0.1797
0.1797
0.1797
0.1797
0.1797
0.1797
0.1797
0.1797
0.1797
0.1797
0.1797
0.1797
0.1797
0.1797
0.1797
0.1797
0.1797
0.1797
0.1797
0.1797
0.1797
0.1797
0.1797
0.1797
0.1797
0.1797
0.1797
0.1797
0.1797
0.047
0.047
0.047
0.047
0.047
0.047
0.047
0.047
0.047
0.047
0.047
0.047
0.047
0.047
0.047
0.047
0.047
0.047
0.047
0.047
0.047
0.047
0.047
0.047
0.047
0.047
0.047
0.047
0.047
0.047
0.047
0.047
0.047
0.047
0.047
0.047
0.047
0.047
0.047
0.047
0.047
0.047
0.047
0.047
0.047
0.047
0.047
0.047
0.047
0.047
0.047
0.047
0.047
0.047
0.047
0.047
0.047
0.047
0.047
0.047
0.047
0.047
0.047
0.047
0.047
0.047
0.047
0.047
0.047
0.047
0.047
0.047
0.047
0.047
0.047
0.047
0.047
0.047
0.047
0.047
0.047
0.047
0.047
0.047
0.047
0.047
0.047
0.047
0.047
0.047
0.047
0.047
0.047
0.047
0.047
0.047
0.047
0.047
0.047
0.047
0.047
0.047
0.047
0.047
0.047
0.047
0.047
0.047
0.047
0.047
0.047
0.1392
0.1392
0.1392
0.1392
0.1392
0.1392
0.1392
0.1392
0.1392
0.1392
0.1392
0.1392
0.1392
0.1392
0.1392
0.1392
0.1392
0.1392
0.1392
0.1392
0.1392
0.1392
0.1392
0.1392
0.1392
0.1392
0.1392
0.1392
0.1392
0.1392
0.1392
0.1392
0.1392
0.1392
0.1392
0.1392
0.1392
0.1392
0.1392
0.1392
0.1392
0.1392
0.1392
0.1392
0.1392
0.1392
0.1392
0.1392
0.1392
0.1392
0.1392
0.1392
0.1392
0.1392
0.1392
0.1392
0.1392
0.1392
0.1392
0.1392
0.1392
0.1392
0.1392
0.1392
0.1392
0.1392
0.1392
0.1373
0.1373
0.1373
0.1373
0.1373
0.1373
0.1373
0.1373
0.1373
0.1373
0.1373
0.1373
0.1373
0.1373
0.1373
0.1373
0.1373
0.1373
0.1373
0.1373
0.1373
0.1373
0.1373
0.1373
0.1373
0.1373
0.1373
0.1373
0.1373
0.1373
0.1373
0.1373
0.1373
0.1373
0.1373
0.1373
0.1373
0.1373
0.1373
0.1373
0.1373
0.1373
0.1373
0.1373
0.1373
0.1373
0.1373
0.1373
0.1373
0.1373
0.1373
0.1373
0.1373
0.1373
0.1373
0.1373
0.1373
0.1373
0.1373
0.1373
0.1373
0.1373
0.1373
0.1373
0.1373
0.0634
0.0634
0.0634
0.0634
0.0634
0.0634
0.0634
0.0634
0.0634
0.0634
0.0634
0.0634
0.0634
0.0634
0.0634
0.0634
0.0634
0.0634
0.0634
0.0634
0.0634
0.0634
0.0634
0.0634
0.0634
0.0634
0.0634
0.0634
0.0634
0.0634
0.0634
0.0634
0.0634
0.0634
0.0634
0.0634
0.0634
0.0634
0.0634
0.0634
0.0634
0.0634
0.0634
0.0634
0.0634
0.0634
0.0634
0.0634
0.0634
0.0634
0.0634
0.0634
0.0634
0.0634
0.0634
0.0634
0.0634
0.0634
0.0634
0.0634
0.0634
0.0634
0.0634
0.0634
0.0634
0.0634
0.0634
0.0634
0.0634
0.0634
0.0634
0.0634
0.0634
0.0634
0.0634
0.0634
0.0634
0.0634
0.034
0.0589
0.0449
0.0449
0.0449
0.0432
0.0432
0.0432
0.0518
0.0472
0.0472
0.0472
0.0518
0.0518
0.0417
0.0417
0.0417
0.0589
0.0589
0.0452
0.0452
0.0452
0.0386
0.1127
0.1127
0.1127
0.0386
0.0386
0.0481
0.0481
0.0481
0.0481
0.0481
0.0355
0.0355
0.0355
0.0714
0.0714
0.0714
0.0486
0.0486
0.0486
0.033
0.033
0.033
0.0858
0.0858
0.0858
0.0507
0.0507
0.0507
0.0612
0.0612
0.0612
0.0543
0.0543
0.0543
0.0535
0.0535
0.0535
0.0876
0.0876
0.0876
0.0484
0.0484
0.0484
0.0484
0.0484
0.0477
0.0407
0.0407
0.0407
0.0477
0.0477
0.0373
0.0772
0.0772
0.0772
0.0373
0.0373
0.0373
0.0423
0.0423
0.0423
0.0382
0.1192
0.1192
0.1192
0.0382
0.0382
0.0596
0.0596
0.0596
0.0596
0.0596
0.0763
0.0763
0.0763
0.0452
0.0452
0.0452
0.0667
0.0667
0.0667
0.0453
0.0453
0.0453
0.0502
0.0502
0.0502
0.0416
0.0416
0.0416
0.0358
0.0358
0.0358
0.044
0.044
0.044
0.044
0.0591
0.0591
0.0591
0.0663
0.0663
0.0663
0.0496
0.0496
0.0496
0.0325
0.0325
0.0325
0.055
0.055
0.055
0.055
0.055
0.055
0.055
0.0681
0.0681
0.0681
0.058
0.058
0.058
0.0516
0.0516
0.0516
0.0319
0.0319
0.0319
0.0319
0.0707
0.0707
0.0707
0.05
0.05
0.05
0.034
0.034
0.7846
0.7846
0.7846
0.0652
0.0652
0.0652
0.0588
0.0688
0.0688
0.0688
0.0588
0.0588
0.065
0.065
0.065
0.0463
0.0463
0.0463
0.0463
0.0427
0.0427
0.0427
0.0403
0.0403
0.0403
0.0403
0.0403
0.0682
0.0682
0.0682
0.0467
0.0467
0.0467
0.0456
0.0456
0.0456
0.0507
0.0523
0.0523
0.0523
0.0418
0.0418
0.0418
0.0507
0.0507
0.0399
0.0399
0.0399
0.0438
0.0438
0.0438
0.0728
0.0728
0.0728
0.0878
0.0878
0.0878
0.0344
0.0344
0.0344
0.0344
0.0344
0.0469
0.0469
0.0469
0.0471
0.0471
0.0471
0.0466
0.0466
0.0466
0.0507
0.0507
0.0507
0.0468
0.0468
0.0468
0.064
0.064
0.064
0.0479
0.0479
0.0479
0.0297
0.0297
0.0297
0.1645
0.1645
0.1645
0.0941
0.0941
0.0941
0.0503
0.0503
0.0503
0.053
0.053
0.053
0.0348
0.0348
0.0348
0.0348
0.0348
0.0474
0.0474
0.0474
0.0567
0.0567
0.0567
0.0474
0.0474
0.0474
0.0443
0.0443
0.0443
0.0559
0.0559
0.0559
0.0579
0.0579
0.0579
0.0528
0.0528
0.0528
0.0957
0.0957
0.0957
0.046
0.046
0.046
0.0639
0.0305
0.0305
0.0305
0.05
0.05
0.05
0.1118
0.1118
0.0648
0.0648
0.0639
0.0639
0.0365
0.0365
0.0521
0.0521
0.0521
0.0455
0.0455
0.0481
0.0481
0.0608
0.0608
0.0565
0.0565
0.0633
0.0633
0.0489
0.0489
0.0411
0.0411
0.0584
0.0584
0.0622
0.0622
0.0737
0.0737
0.0348
0.0348
0.0373
0.0373
0.0456
0.0456
0.0444
0.0444
0.0444
0.0386
0.0389
0.0389
0.0386
0.0715
0.0715
0.0547
0.0547
0.0517
0.0517
0.0644
0.0644
0.0363
0.0363
0.0539
0.0539
0.1472
0.1472
0.0437
0.0437
0.0437
0.1028
0.1028
0.0445
0.0517
0.0517
0.0443
0.0443
0.0447
0.0447
0.0447
0.0445
0.0445
0.0504
0.0601
0.0601
0.0601
0.0612
0.0612
0.0612
0.043
0.043
0.0504
0.0564
0.0564
0.0564
0.0648
0.0648
0.1028
0.1028
0.0487
0.0487
0.054
0.054
0.0519
0.0519
0.0488
0.0488
0.0483
0.0483
0.0547
0.0547
0.0445
0.1372
0.1372
0.0472
0.0472
0.0445
0.0789
0.0789
0.0789
0.1271
0.1271
0.0485
0.0485
0.0485
0.0473
0.0473
0.041
0.041
0.0302
0.0302
0.0293
0.0293
0.0293
0.1272
0.1272
0.0603
0.0603
0.0603
0.0504
0.0504
0.0396
0.061
0.061
0.0396
0.0459
0.0459
0.0623
0.0623
0.0623
0.0623
0.0352
0.036
0.036
0.0352
0.0467
0.0467
0.0467
0.0353
0.0353
0.0757
0.0757
0.0541
0.0488
0.0488
0.0488
0.0442
0.0442
0.0442
0.0541
0.0541
0.0492
0.0492
0.05
0.05
0.0651
0.0651
0.0513
0.0513
0.0263
0.0263
0.0534
0.0534
0.0429
0.0429
0.0686
0.0686
0.0793
0.0793
0.0793
0.0553
0.0497
0.0497
0.0553
0.0508
0.0508
0.0508
0.0475
0.0475
0.1401
0.1401
0.0485
0.0485
0.0485
0.0439
0.0439
0.0439
0.0439
0.0462
0.0462
0.0617
0.0617
0.0543
0.0543
0.0543
0.0543
0.0543
0.0543
0.0543
0.0543
0.0543
0.0543
0.0543
0.0543
0.0543
0.0543
0.0543
0.0543
0.0543
0.0543
0.0543
0.0543
0.0543
0.0543
0.0543
0.0543
0.0543
0.0543
0.0543
0.0543
0.0543
0.0543
0.0543
0.0543
0.0543
0.0543
0.0543
0.0543
0.0543
0.0543
0.0543
0.0543
0.0543
0.0543
0.0543
0.0543
0.0543
0.0543
0.0543
0.0543
0.0543
0.0543
0.0543
0.0543
0.0543
0.0543
0.0543
0.0543
0.0543
0.0543
0.0543
0.0543
0.0543
0.0543
0.0543
0.0543
0.0543
0.0543
0.0543
0.0543
0.0543
0.0543
0.0543
0.0543
0.0543
0.0543
0.0543
0.0543
0.0543
0.0543
0.0543
0.0543
0.0543
0.0543
0.0543
0.0543
0.0543
0.0543
0.0543
0.0543
0.0543
0.0543
0.0543
0.0543
0.0543
0.0543
0.0543
0.0543
0.0543
0.0543
0.0543
0.0543
0.0543
0.0543
0.0543
0.0543
0.0543
0.0543
0.0543
0.0543
0.0543
0.0543
0.0543
0.0543
0.0543
0.0543
0.0543
0.0543
0.0543
0.0543
0.0543
0.0543
0.0543
0.0543
0.0543
0.0543
0.0543
0.0543
0.0543
0.0543
0.0543
0.0543
0.0543
0.0543
0.0543
0.0543
0.0543
0.0543
0.0543
0.0543
0.0543
0.0543
0.0543
0.0543
0.0543
0.0543
0.0543
0.0543
0.0543
0.0543
0.0543
0.0543
0.0543
0.0543
0.0543
0.0543
0.0543
0.0543
0.0543
0.0543
0.0543
0.0543
0.0543
0.0543
0.0543
0.0543
0.0543
0.0543
0.0543
0.0543
0.0543
0.0543
0.0543
0.0543
0.0543
0.0543
0.0543
0.0543
0.0543
0.0543
0.0543
0.0543
0.0543
0.0543
0.0543
0.0543
0.0543
0.0543
0.0543
0.0543
0.0543
0.0543
0.0543
0.0543
0.0543
0.0543
0.0543
0.0543
0.0543
0.0543
0.0543
0.0543
0.0543
0.0543
0.0543
0.0543
0.0543
0.0543
0.0543
0.0543
0.0543
0.0543
0.0543
0.0543
0.0543
0.0543
0.0543
0.0543
0.0543
0.0543
0.0543
0.0543
0.0543
0.0543
0.0543
0.0543
0.0543
0.0543
0.0543
0.0543
0.0543
0.0543
0.0543
0.0543
0.0543
0.0543
0.0543
0.0543
0.0543
0.0543
0.0543
0.0543
0.0543
0.0543
0.0543
0.0543
0.0543
0.0543
0.0543
0.0543
0.0543
0.0543
0.0543
0.0543
0.0543
0.0543
0.0543
0.0543
0.0543
0.0543
0.0543
0.0543
0.0543
0.0543
0.0543
0.0543
0.0543
0.0543
0.0543
0.0543
0.0543
0.0543
0.0543
0.0543
0.0543
0.0543
0.0543
0.0543
0.0543
0.0543
0.0543
0.0543
0.0543
0.0543
0.0543
0.0543
0.0543
0.0543
0.0543
0.0543
0.0543
0.0543
0.0543
0.0543
0.0543
0.0543
0.0543
0.0543
0.0543
0.0543
0.0543
0.0543
0.0543
0.0543
0.0543
0.0543
0.0543
0.0543
0.0543
0.0543
0.0543
0.0543
0.0543
0.0543
0.0543
0.0543
0.0543
0.0543
0.0543
0.0543
0.0543
0.0543
0.0543
0.0543
0.0543
0.0543
0.0543
0.0543
0.0543
0.0543
0.0543
0.0543
0.0543
0.0543
0.0543
0.0543
0.0543
0.0543
0.0543
0.0543
0.0543
0.0543
0.0543
0.0543
0.0543
0.0543
0.0543
0.0543
0.0543
0.0543
0.0543
0.0543
0.0543
0.0543
0.0543
0.0543
0.0543
0.0543
0.0543
0.0543
0.0543
0.0543
0.0543
0.0543
0.0543
0.0543
0.0543
0.0543
0.0543
0.0543
0.0543
0.0543
0.0543
0.0543
0.0543
0.0543
0.0543
0.0543
0.0543
0.0543
0.0543
0.0543
0.0543
0.0543
0.0543
0.0543
0.0543
0.0543
0.0543
0.0543
0.0543
0.0543
0.0543
0.0543
0.0543
0.0543
0.0543
0.0543
0.0543
0.0543
0.0543
0.0543
0.0543
0.0543
0.0543
0.0543
0.0543
0.0543
0.0543
0.0543
0.0543
0.0543
0.0543
0.0543
0.0543
0.0543
0.0543
0.0543
0.0543
0.0543
0.0543
0.0543
0.0543
0.0543
0.0543
0.0543
0.0543
0.0543
0.0543
0.0543
0.0543
0.0543
0.0543
0.0543
0.0543
0.0543
0.0543
0.0543
0.0543
0.0543
0.0543
0.0543
0.0543
0.0543
0.0543
0.0543
0.0543
0.0543
0.0543
0.0543
0.0543
0.0543
0.0543
0.0543
0.0543
0.0543
0.0543
0.0543
0.0543
0.0543
0.0543
0.0543
0.0543
0.0543
0.0543
0.0543
0.0543
0.0543
0.0543
0.0543
0.0543
0.0543
0.0543
0.0543
0.0543
0.0543
0.0543
0.0543
0.0543
0.0543
0.0543
0.0543
0.0543
0.0543
0.0543
0.0543
0.0543
0.0543
0.0543
0.0543
0.0543
0.0543
0.0543
0.0543
0.0543
0.0543
0.0543
0.0543
0.0543
0.0543
0.0543
0.0543
0.0456
0.0456
0.0456
0.0432
0.0744
0.0744
0.0744
0.0432
0.0432
0.0432
0.0432
0.0432
0.0432
0.0497
0.0497
0.0497
0.0497
0.0497
0.0497
0.0497
0.0702
0.0702
0.0702
0.0381
0.0381
0.0381
0.0381
0.0445
0.0445
0.0445
0.0445
0.0685
0.0685
0.0685
0.0532
0.0532
0.0532
0.0532
0.0532
0.0542
0.0525
0.0525
0.0525
0.0525
0.0525
0.0525
0.0542
0.0542
0.0574
0.0574
0.0574
0.0574
0.0574
0.0574
0.0518
0.0518
0.0518
0.0506
0.0506
0.0506
0.0424
0.0424
0.0424
0.0424
0.0424
0.08
0.0583
0.0583
0.0583
0.0386
0.0386
0.0386
0.0486
0.0486
0.0486
0.0639
0.0639
0.0639
0.08
0.08
0.08
0.08
0.0754
0.0754
0.0754
0.0754
0.0754
0.038
0.0368
0.0368
0.0368
0.038
0.038
0.0497
0.0497
0.0497
0.0497
0.0497
0.0439
0.0439
0.0439
0.0462
0.0462
0.0462
0.0763
0.0763
0.0763
0.0763
0.0763
0.0763
0.0387
0.0387
0.0387
0.0387
0.0387
0.0624
0.0624
0.0624
0.0624
0.0624
0.0537
0.0537
0.0537
0.0537
0.0448
0.0448
0.0448
0.0559
0.0559
0.0559
0.0457
0.0457
0.0457
0.0456
0.0456
0.0456
0.0456
0.048
0.048
0.048
0.048
0.0702
0.0702
0.0702
0.0444
0.0444
0.0444
0.0444
0.0444
0.0473
0.0473
0.0473
0.051
0.051
0.051
0.0425
0.0425
0.0425
0.0437
0.0437
0.0437
0.0443
0.0276
0.0276
0.0276
0.0276
0.0276
0.0481
0.0481
0.0481
0.0624
0.0624
0.0624
0.0443
0.0443
0.0451
0.0451
0.0451
0.0366
0.0366
0.0366
0.0366
0.0366
0.0366
0.0643
0.0643
0.0643
0.1714
0.1714
0.1714
0.0551
0.0551
0.0551
0.0551
0.0551
0.0551
0.0351
0.0351
0.0351
0.0351
0.0478
0.0478
0.0478
0.0478
0.0478
0.047
0.047
0.047
0.047
0.047
0.0493
0.0493
0.0493
0.0493
0.0493
0.0483
0.0483
0.0483
0.0422
0.0422
0.0422
0.0422
0.0422
0.0422
0.0422
0.0469
0.0469
0.0469
0.0489
0.0489
0.0489
0.0489
0.0363
0.0363
0.0363
0.0363
0.0478
0.0478
0.0478
0.0478
0.0478
0.0599
0.0599
0.0599
0.0599
0.0599
0.0349
0.0349
0.0349
0.0552
0.0552
0.0552
0.0846
0.0846
0.0846
0.0846
0.0397
0.0444
0.0444
0.0444
0.0397
0.0397
0.0657
0.0657
0.0657
0.0902
0.0902
0.0902
0.0517
0.0517
0.0517
0.0361
0.0361
0.0361
0.054
0.0468
0.0468
0.0468
0.0466
0.0466
0.0466
0.054
0.054
0.054
0.0706
0.0706
0.0706
0.0706
0.0499
0.0499
0.0499
0.1089
0.1089
0.1089
0.0453
0.0453
0.0453
0.0453
0.0453
0.0555
0.0555
0.0555
0.0555
0.0461
0.0461
0.0461
0.0461
0.0472
0.0472
0.0954
0.0954
0.0345
0.0345
0.1166
0.1166
0.0524
0.0438
0.0438
0.0438
0.0524
0.0683
0.0592
0.0592
0.0592
0.0592
0.1028
0.1028
0.0522
0.0522
0.0683
0.0683
0.0656
0.0656
0.0656
0.0506
0.0506
0.058
0.058
0.058
0.058
0.0446
0.0446
0.0446
0.0446
0.0443
0.0443
0.0443
0.0443
0.0713
0.0713
0.0529
0.0585
0.0585
0.0318
0.0318
0.0403
0.0403
0.1016
0.1016
0.1016
0.0417
0.0417
0.0529
0.0662
0.0662
0.0976
0.0976
0.0505
0.0505
0.0505
0.0629
0.0629
0.0629
0.0549
0.0549
0.1009
0.1009
0.1009
0.1009
0.1009
0.0512
0.0655
0.0655
0.0512
0.0605
0.038
0.038
0.038
0.042
0.042
0.0426
0.0426
0.0605
0.0605
0.0377
0.0457
0.0457
0.0377
0.0759
0.0759
0.049
0.049
0.0484
0.0484
0.0637
0.0637
0.0748
0.0748
0.0748
0.0817
0.0817
0.0463
0.0432
0.0432
0.0432
0.0463
0.0383
0.0383
0.0804
0.0513
0.0513
0.0468
0.0468
0.0804
0.0584
0.0584
0.0356
0.0356
0.0504
0.0528
0.0528
0.0528
0.0504
0.073
0.073
0.073
0.0556
0.0556
0.0538
0.0538
0.0538
0.0342
0.0342
0.0342
0.0462
0.0462
0.0519
0.0519
0.0519
0.0522
0.0522
0.0522
0.0505
0.0505
0.0449
0.0449
0.0323
0.0323
0.0323
0.0727
0.0727
0.0799
0.0799
0.0799
0.0799
0.0429
0.1262
0.1262
0.1262
0.0429
0.0358
0.0358
0.0358
0.0556
0.0556
0.0556
0.0556
0.0515
0.0526
0.0526
0.0515
0.0566
0.0566
0.0396
0.0396
0.039
0.039
0.0587
0.0587
0.0587
0.0616
0.0616
0.0616
0.0545
0.0545
0.0545
0.0545
0.0404
0.0404
0.0404
0.0697
0.0697
0.0697
0.0697
0.0697
0.0697
0.0697
0.0697
0.0697
0.0697
0.0697
0.0697
0.0697
0.0697
0.0697
0.0697
0.0697
0.0697
0.0697
0.0697
0.0697
0.0697
0.0697
0.0697
0.0697
0.0697
0.0697
0.0697
0.0697
0.0697
0.0697
0.0697
0.0697
0.0697
0.0697
0.0697
0.0697
0.0697
0.0697
0.0697
0.0697
0.0697
0.0697
0.0697
0.0697
0.0697
0.0697
0.0697
0.0697
0.0697
0.0697
0.0697
0.0697
0.0697
0.0697
0.0697
0.0697
0.0697
0.0697
0.0697
0.0697
0.0697
0.0697
0.0697
0.0697
0.0697
0.0697
0.0697
0.1542
0.1542
0.1542
0.1542
0.1542
0.1542
0.1542
0.1542
0.1542
0.1542
0.1542
0.1542
0.1542
0.1542
0.1542
0.1542
0.1542
0.1542
0.1542
0.1542
0.1542
0.1542
0.1542
0.1542
0.1542
0.1542
0.1542
0.1542
0.1542
0.1542
0.1542
0.1542
0.1542
0.1542
0.1542
0.1542
0.1542
0.1542
0.1542
0.1542
0.1542
0.1542
0.1542
0.1542
0.1542
0.1542
0.1542
0.1542
0.1542
0.1542
0.1542
0.1542
0.1542
0.1542
0.1542
0.1542
0.1542
0.1542
0.1542
0.1542
0.1542
0.1542
0.1542
0.1542
0.1542
0.1542
0.1542
0.1542
0.1542
0.1542
0.1542
0.1542
0.1542
0.1542
0.1542
0.1542
0.1542
0.1542
0.1542
0.1542
0.1542
0.1542
0.1542
0.1542
0.1542
0.1542
0.1542
0.1542
0.1542
0.1542
0.1542
0.1542
0.1542
0.1542
0.1542
0.1542
0.1542
0.1542
0.1542
0.0508
0.0508
0.0508
0.0508
0.0508
0.0508
0.0508
0.0508
0.0508
0.0508
0.0508
0.0508
0.0508
0.0508
0.0508
0.0508
0.0508
0.0508
0.0508
0.0508
0.0508
0.0508
0.0508
0.0508
0.0508
0.0508
0.0508
0.0508
0.0508
0.0508
0.0508
0.0508
0.0508
0.0508
0.0508
0.0508
0.0508
0.0508
0.0508
0.0508
0.0508
0.0508
0.0508
0.0508
0.0508
0.0508
0.0508
0.0508
0.0508
0.0508
0.0508
0.0508
0.0508
0.0508
0.0508
0.0508
0.0508
0.0508
0.0508
0.0508
0.0508
0.0508
0.0508
0.0508
0.0508
0.0508
0.0508
0.0508
0.0508
0.0508
0.0508
0.0508
0.0508
0.0508
0.0508
0.0508
0.0508
0.0508
0.0508
0.0508
0.0508
0.0508
0.0508
0.0508
0.0508
0.0508
0.0508
0.0508
0.0508
0.0508
0.0508
0.0508
0.0508
0.0508
0.0508
0.0508
0.0508
0.0508
0.0508
0.0508
0.0508
0.0508
0.0508
0.0508
0.0508
0.0508
0.0525
0.0525
0.0525
0.0525
0.0525
0.0525
0.0525
0.0525
0.0525
0.0525
0.0525
0.0525
0.0525
0.0525
0.0525
0.0525
0.0525
0.0525
0.0525
0.0525
0.0525
0.0525
0.0525
0.0525
0.0525
0.0525
0.0525
0.0525
0.0525
0.0525
0.0525
0.0525
0.0525
0.0525
0.0525
0.0525
0.0525
0.0525
0.0525
0.0525
0.0525
0.0525
0.0525
0.0525
0.0525
0.0525
0.0525
0.0525
0.0525
0.0525
0.0525
0.0525
0.0525
0.0525
0.0525
0.0525
0.0525
0.0525
0.0525
0.0525
0.0525
0.0525
0.0525
0.0525
0.0525
0.0525
0.0525
0.0525
0.0525
0.0525
0.0525
0.0525
0.0525
0.0525
0.0525
0.0525
0.0525
0.0525
0.0525
0.0525
0.0525
0.0525
0.0525
0.105
0.105
0.105
0.105
0.105
0.105
0.105
0.105
0.105
0.105
0.105
0.105
0.105
0.105
0.105
0.105
0.105
0.105
0.105
0.105
0.105
0.105
0.105
0.105
0.105
0.105
0.105
0.105
0.105
0.105
0.105
0.105
0.105
0.105
0.105
0.105
0.105
0.105
0.105
0.105
0.105
0.105
0.105
0.105
0.105
0.105
0.105
0.105
0.105
0.105
0.105
0.105
0.105
0.105
0.105
0.105
0.105
0.105
0.105
0.105
0.105
0.105
0.105
0.105
0.105
0.105
0.105
0.105
0.105
0.105
0.105
0.105
0.105
0.105
0.105
0.105
0.0533
0.0533
0.0533
0.0533
0.0533
0.0533
0.0533
0.0533
0.0533
0.0533
0.0533
0.0533
0.0533
0.0533
0.0533
0.0533
0.0533
0.0533
0.0533
0.0533
0.0533
0.0533
0.0533
0.0533
0.0533
0.0533
0.0533
0.0533
0.0533
0.0533
0.0533
0.0533
0.0533
0.0533
0.0533
0.0533
0.0533
0.0533
0.0533
0.0533
0.0533
0.0533
0.0533
0.0533
0.0533
0.0533
0.0533
0.0533
0.0533
0.0533
0.0533
0.0533
0.0533
0.0533
0.0533
0.0533
0.0533
0.0533
0.0533
0.0533
0.0533
0.0533
0.0533
0.0533
0.0533
0.0533
0.0533
0.0533
0.5022
0.5022
0.5022
0.5022
0.5022
0.5022
0.5022
0.5022
0.5022
0.5022
0.5022
0.5022
0.5022
0.5022
0.5022
0.5022
0.5022
0.5022
0.5022
0.5022
0.5022
0.5022
0.5022
0.5022
0.5022
0.5022
0.5022
0.5022
0.5022
0.5022
0.5022
0.5022
0.5022
0.5022
0.5022
0.5022
0.5022
0.5022
0.5022
0.5022
0.5022
0.5022
0.5022
0.5022
0.5022
0.5022
0.5022
0.5022
0.5022
0.5022
0.5022
0.5022
0.5022
0.5022
0.5022
0.5022
0.5022
0.5022
0.5022
0.5022
0.5022
0.5022
0.5022
0.5022
0.5022
0.5022
0.5748
0.5748
0.5748
0.5748
0.5748
0.5748
0.5748
0.5748
0.5748
0.5748
0.5748
0.5748
0.5748
0.5748
0.5748
0.5748
0.5748
0.5748
0.5748
0.5748
0.5748
0.5748
0.5748
0.5748
0.5748
0.5748
0.5748
0.5748
0.5748
0.5748
0.5748
0.5748
0.5748
0.5748
0.5748
0.5748
0.5748
0.5748
0.5748
0.5748
0.5748
0.5748
0.5748
0.5748
0.5748
0.5748
0.5748
0.5748
0.5748
0.5748
0.5748
0.5748
0.5748
0.5748
0.5748
0.5748
0.5748
0.5748
0.5748
0.5748
0.624
0.624
0.624
0.624
0.624
0.624
0.624
0.624
0.624
0.624
0.624
0.624
0.624
0.624
0.624
0.624
0.624
0.624
0.624
0.624
0.624
0.624
0.624
0.624
0.624
0.624
0.624
0.624
0.624
0.624
0.624
0.624
0.624
0.624
0.624
0.624
0.624
0.624
0.624
0.624
0.624
0.624
0.624
0.624
0.624
0.624
0.624
0.624
0.624
0.624
0.624
0.624
0.624
0.624
0.624
0.624
0.624
0.624
0.624
0.624
0.5329
0.5329
0.5329
0.5329
0.5329
0.5329
0.5329
0.5329
0.5329
0.5329
0.5329
0.5329
0.5329
0.5329
0.5329
0.5329
0.5329
0.5329
0.5329
0.5329
0.5329
0.5329
0.5329
0.5329
0.5329
0.5329
0.5329
0.5329
0.5329
0.5329
0.5329
0.5329
0.5329
0.5329
0.5329
0.5329
0.5329
0.5329
0.5329
0.5329
0.5329
0.5329
0.5329
0.5329
0.5329
0.5329
0.5329
0.5329
0.5329
0.5329
0.5329
0.5329
0.5329
0.5329
0.5329
0.5329
0.5329
0.5329
0.561
0.561
0.561
0.561
0.561
0.561
0.561
0.561
0.561
0.561
0.561
0.561
0.561
0.561
0.561
0.561
0.561
0.561
0.561
0.561
0.561
0.561
0.561
0.561
0.561
0.561
0.561
0.561
0.561
0.561
0.561
0.561
0.561
0.561
0.561
0.561
0.561
0.561
0.561
0.561
0.561
0.561
0.561
0.561
0.561
0.561
0.561
0.561
0.561
0.561
0.561
0.561
0.561
0.561
0.561
0.561
0.561
0.561
0.561
0.561
0.6356
0.6356
0.6356
0.6356
0.6356
0.6356
0.6356
0.6356
0.6356
0.6356
0.6356
0.6356
0.6356
0.6356
0.6356
0.6356
0.6356
0.6356
0.6356
0.6356
0.6356
0.6356
0.6356
0.6356
0.6356
0.6356
0.6356
0.6356
0.6356
0.6356
0.6356
0.6356
0.6356
0.6356
0.6356
0.6356
0.6356
0.6356
0.6356
0.6356
0.6356
0.6356
0.6356
0.6356
0.6356
0.6356
0.6356
0.6356
0.6226
0.6226
0.6226
0.6226
0.6226
0.6226
0.6226
0.6226
0.6226
0.6226
0.6226
0.6226
0.6226
0.6226
0.6226
0.6226
0.6226
0.6226
0.6226
0.6226
0.6226
0.6226
0.6226
0.6226
0.6226
0.6226
0.6226
0.6226
0.6226
0.6226
0.6226
0.6226
0.6226
0.6226
0.6226
0.6226
0.6226
0.6226
0.6226
0.6226
0.4828
0.4828
0.4828
0.4828
0.4828
0.4828
0.4828
0.4828
0.4828
0.4828
0.4828
0.4828
0.4828
0.4828
0.4828
0.4828
0.4828
0.4828
0.4828
0.4828
0.4828
0.4828
0.4828
0.4828
0.4828
0.4828
0.4828
0.4828
0.4828
0.4828
0.4828
0.4828
0.4828
0.4828
0.4828
0.4828
0.4828
0.4828
0.4828
0.4828
0.4828
0.4828
0.4828
0.4828
0.4828
0.4828
0.4828
0.4828
0.4828
0.4828
0.4828
0.4828
0.6908
0.6908
0.6908
0.6908
0.6908
0.6908
0.6908
0.6908
0.6908
0.6908
0.6908
0.6908
0.6908
0.6908
0.6908
0.6908
0.6908
0.6908
0.6908
0.6908
0.6908
0.6908
0.6908
0.6908
0.6908
0.6908
0.6908
0.6908
0.6908
0.6908
0.6908
0.6908
0.6908
0.6908
0.6908
0.6908
0.6908
0.6908
0.6908
0.6908
0.6908
0.6908
0.6908
0.6908
0.6908
0.6908
0.6908
0.6908
0.6908
0.6908
0.6908
0.6908
0.6908
0.6908
0.6908
0.6908
0.174
0.174
0.174
0.174
0.174
0.174
0.174
0.174
0.174
0.174
0.174
0.174
0.174
0.174
0.174
0.174
0.174
0.174
0.174
0.174
0.174
0.174
0.174
0.174
0.174
0.174
0.174
0.174
0.174
0.174
0.174
0.174
0.1446
0.1446
0.1446
0.1446
0.1446
0.1446
0.1446
0.1446
0.1446
0.1446
0.1446
0.1446
0.1446
0.1446
0.1446
0.1446
0.1446
0.1446
0.1446
0.1446
0.1446
0.1446
0.1446
0.1446
0.1446
0.0945
0.0945
0.0945
0.0945
0.0945
0.0945
0.0945
0.0945
0.0945
0.0945
0.0945
0.0945
0.0945
0.0945
0.0945
0.0945
0.0945
0.0945
0.0945
0.0945
0.0945
0.0945
0.0945
0.0945
0.0945
0.0945
0.0945
0.0945
0.0945
0.0945
0.0945
0.0945
0.0945
0.0945
0.0945
0.0945
0.0945
0.0945
0.0945
0.0945
0.0945
0.0945
0.0945
0.0945
0.0945
0.0945
0.2114
0.2114
0.2114
0.2114
0.2114
0.2114
0.2114
0.2114
0.2114
0.2114
0.2114
0.2114
0.2114
0.2114
0.2114
0.2114
0.2114
0.2114
0.2114
0.2114
0.2114
0.2114
0.2114
0.2114
0.2114
0.2114
0.2114
0.2114
0.2114
0.2114
0.2114
0.0462
0.0462
0.0462
0.0462
0.0462
0.0462
0.0462
0.0462
0.0462
0.0462
0.0462
0.0462
0.0462
0.0462
0.0462
0.0462
0.0462
0.0462
0.0462
0.0462
0.0462
0.1996
0.1996
0.1996
0.1996
0.1996
0.1996
0.1996
0.1996
0.1996
0.1996
0.1996
0.1996
0.1996
0.1996
0.1996
0.1996
0.1996
0.1996
0.1996
0.1996
0.1996
0.1996
0.1996
0.1996
0.1996
0.1996
0.1996
0.1996
0.1996
0.1996
0.1996
0.1996
0.1996
0.1996
0.1996
0.1169
0.1169
0.1169
0.1169
0.1169
0.1169
0.1169
0.1169
0.1169
0.1169
0.1169
0.1169
0.1169
0.1169
0.1169
0.1169
0.1169
0.1169
0.1169
0.1169
0.1169
0.1169
0.1169
0.1169
0.1169
0.1169
0.1169
0.1169
0.1169
0.1169
0.116
0.116
0.116
0.116
0.116
0.116
0.116
0.116
0.116
0.116
0.116
0.116
0.116
0.116
0.116
0.116
0.116
0.116
0.116
0.116
0.116
0.116
0.116
0.116
0.116
0.116
0.116
0.116
0.116
0.116
0.116
0.116
0.1841
0.1841
0.1841
0.1841
0.1841
0.1841
0.1841
0.1841
0.1841
0.1841
0.1841
0.1841
0.1841
0.1841
0.1841
0.1841
0.1841
0.1841
0.1841
0.1841
0.1841
0.1841
0.1841
0.1841
0.0979
0.0979
0.0979
0.0979
0.0979
0.0979
0.0979
0.0979
0.0979
0.0979
0.0979
0.0979
0.0979
0.0979
0.0979
0.0979
0.0979
0.0979
0.1244
0.1244
0.1244
0.1244
0.1244
0.1244
0.1244
0.1244
0.1244
0.1244
0.1244
0.1244
0.1244
0.1244
0.1244
0.1244
0.1244
0.1244
0.1062
0.1062
0.1062
0.1062
0.1062
0.1062
0.1062
0.1062
0.1062
0.1062
0.1062
0.1062
0.1062
0.1062
0.1062
0.1062
0.1062
0.1062
0.1062
0.1062
0.1062
0.1062
0.2708
0.2708
0.2708
0.2708
0.2708
0.2708
0.2708
0.2708
0.2708
0.2708
0.2708
0.2708
0.2708
0.2708
0.2708
0.2708
0.2708
0.2708
0.2708
0.2708
0.2708
0.2708
0.1455
0.1455
0.1455
0.1455
0.1455
0.1455
0.1455
0.1455
0.1455
0.1455
0.1455
0.1455
0.1455
0.1455
0.1455
0.1455
0.1455
0.1455
0.1455
0.1455
0.1455
0.23
0.23
0.23
0.23
0.23
0.23
0.23
0.23
0.23
0.23
0.23
0.23
0.23
0.23
0.23
0.23
0.23
0.23
0.23
0.23
0.23
0.2442
0.2442
0.2442
0.2442
0.2442
0.2442
0.2442
0.2442
0.2442
0.2442
0.2442
0.2442
0.2442
0.2442
0.2442
0.2442
0.2442
0.2442
0.2442
0.2442
0.2442
0.1344
0.1344
0.1344
0.1344
0.1344
0.1344
0.1344
0.1344
0.1344
0.1344
0.1344
0.1344
0.1344
0.1344
0.1344
0.1344
0.1344
0.1344
0.1344
0.1344
0.1088
0.1088
0.1088
0.1088
0.1088
0.1088
0.1088
0.1088
0.1088
0.1088
0.1088
0.1088
0.1088
0.1088
0.1088
0.1088
0.1088
0.0993
0.0993
0.0993
0.0993
0.0993
0.0993
0.0993
0.0993
0.0993
0.0993
0.0993
0.0993
0.0993
0.0993
0.0993
0.0993
0.0993
0.0993
0.1666
0.1666
0.1666
0.1666
0.1666
0.1666
0.1666
0.1666
0.1666
0.1666
0.1666
0.1666
0.1666
0.1666
0.1666
0.1666
0.1666
0.1666
0.1666
0.1666
0.1666
0.1666
0.1666
0.1666
0.1666
0.1666
0.1979
0.1979
0.1979
0.1979
0.1979
0.1979
0.1979
0.1979
0.1979
0.1979
0.1979
0.1979
0.1979
0.1979
0.1979
0.1979
0.1979
0.1979
0.1979
0.1979
0.1119
0.1119
0.1119
0.1119
0.1119
0.1119
0.1119
0.1119
0.1119
0.1119
0.1119
0.1119
0.1119
0.1119
0.1119
0.1119
0.1119
0.1119
0.1119
0.1119
0.1119
0.1119
0.1119
0.1119
0.1119
0.1119
0.1119
0.1036
0.1036
0.1036
0.1036
0.1036
0.1036
0.1036
0.1036
0.1036
0.1036
0.1036
0.1036
0.1036
0.1036
0.1036
0.1036
0.1668
0.1668
0.1668
0.1668
0.1668
0.1668
0.1668
0.1668
0.1668
0.1668
0.1668
0.1668
0.1668
0.1668
0.1668
0.1668
0.1668
0.1668
0.1668
0.1668
0.1668
0.1668
0.1725
0.1725
0.1725
0.1725
0.1725
0.1725
0.1725
0.1725
0.1725
0.1725
0.1725
0.1725
0.1725
0.1725
0.1725
0.1725
0.1725
0.1725
0.1725
0.1725
0.1888
0.1888
0.1888
0.1888
0.1888
0.1888
0.1888
0.1888
0.1888
0.1888
0.1888
0.1888
0.1888
0.1888
0.1888
0.1888
0.1888
0.1888
0.1888
0.1888
0.1888
0.1888
0.1888
0.1888
0.1924
0.1924
0.1924
0.1924
0.1924
0.1924
0.1924
0.1924
0.1924
0.1924
0.1924
0.1924
0.1924
0.1924
0.1924
0.1924
0.1924
0.1924
0.1924
0.1924
0.1326
0.1326
0.1326
0.1326
0.1326
0.1326
0.1326
0.1326
0.1326
0.1326
0.1326
0.1326
0.1326
0.1326
0.1326
0.1326
0.1326
0.1326
0.1326
0.1326
0.1326
0.1326
0.1326
0.1326
0.1326
0.1326
0.1326
0.1326
0.1326
0.1326
0.1326
0.1326
0.1326
0.1326
0.2749
0.2749
0.2749
0.2749
0.2749
0.2749
0.2749
0.2749
0.2749
0.2749
0.2749
0.2749
0.2749
0.2749
0.2749
0.2749
0.2749
0.2749
0.2749
0.2749
0.2749
0.2749
0.2749
0.2749
0.2749
0.2749
0.2749
0.2749
0.2749
0.2749
0.1552
0.1552
0.1552
0.1552
0.1552
0.1552
0.1552
0.1552
0.1552
0.1552
0.1552
0.1552
0.1552
0.1552
0.1552
0.1552
0.1552
0.1552
0.1552
0.1552
0.1552
0.1552
0.1552
0.1552
0.1552
0.1552
0.1552
0.1552
0.1552
0.1552
0.1552
0.1552
0.1552
0.1344
0.1344
0.1344
0.1344
0.1344
0.1344
0.1344
0.1344
0.1344
0.1344
0.1344
0.1344
0.1344
0.1344
0.1344
0.1344
0.1344
0.1344
0.1344
0.1344
0.1344
0.1344
0.1344
0.1242
0.1242
0.1242
0.1242
0.1242
0.1242
0.1242
0.1242
0.1242
0.1242
0.1242
0.1242
0.1242
0.1242
0.1242
0.1242
0.1242
0.1242
0.1242
0.1242
0.1242
0.1242
0.1242
0.1242
0.1021
0.1021
0.1021
0.1021
0.1021
0.1021
0.1021
0.1021
0.1021
0.1021
0.1021
0.1021
0.1021
0.1021
0.1021
0.1021
0.1021
0.1021
0.1021
0.2038
0.2038
0.2038
0.2038
0.2038
0.2038
0.2038
0.2038
0.2038
0.2038
0.2038
0.2038
0.2038
0.2038
0.2038
0.2038
0.2038
0.2038
0.2038
0.2038
0.2038
0.2038
0.2038
0.2038
0.2038
0.2038
0.2038
0.1793
0.1793
0.1793
0.1793
0.1793
0.1793
0.1793
0.1793
0.1793
0.1793
0.1793
0.1793
0.1793
0.1793
0.1793
0.1793
0.1793
0.1793
0.1793
0.1604
0.1604
0.1604
0.1604
0.1604
0.1604
0.1604
0.1604
0.1604
0.1604
0.1604
0.1604
0.1604
0.1604
0.1604
0.1604
0.1604
0.1604
0.1848
0.1848
0.1848
0.1848
0.1848
0.1848
0.1848
0.1848
0.1848
0.1848
0.1848
0.1848
0.1848
0.1848
0.1848
0.1848
0.1336
0.1336
0.1336
0.1336
0.1336
0.1336
0.1336
0.1336
0.1336
0.1336
0.1336
0.1336
0.1336
0.1336
0.1555
0.1555
0.1555
0.1555
0.1555
0.1555
0.1555
0.1555
0.1555
0.1555
0.1555
0.1555
0.1555
0.1555
0.1555
0.1555
0.1082
0.1082
0.1082
0.1082
0.1082
0.1082
0.1082
0.1082
0.1082
0.1082
0.1082
0.1082
0.2209
0.2209
0.2209
0.2209
0.2209
0.2209
0.2209
0.2209
0.2209
0.2209
0.2209
0.2209
0.2209
0.1735
0.1735
0.1735
0.1735
0.1735
0.1735
0.1735
0.1735
0.1735
0.1735
0.1735
0.1735
0.1735
0.1735
0.1735
0.1416
0.1416
0.1416
0.1416
0.1416
0.1416
0.1416
0.1416
0.1416
0.1416
0.1416
0.1416
0.1416
0.1416
0.1416
0.1416
0.1416
0.1416
0.1416
0.1416
0.1416
0.1416
0.1416
0.2558
0.2558
0.2558
0.2558
0.2558
0.2558
0.2558
0.2558
0.2558
0.2558
0.2558
0.2558
0.2558
0.2558
0.2558
0.098
0.098
0.098
0.098
0.098
0.098
0.098
0.098
0.1221
0.1221
0.1221
0.1221
0.1221
0.1221
0.0989
0.0989
0.0989
0.0989
0.0989
0.0989
0.0989
0.0989
0.0989
0.0989
0.0989
0.0989
0.0989
0.0927
0.0927
0.0927
0.0927
0.0927
0.0927
0.0927
0.11
0.11
0.11
0.11
0.11
0.1558
0.1558
0.1558
0.1558
0.1558
0.1558
0.1558
0.1558
0.1558
0.1558
0.1558
0.1552
0.1552
0.1552
0.1552
0.1552
0.1552
0.0937
0.0937
0.0937
0.0937
0.0937
0.0937
0.1514
0.1514
0.1514
0.1514
0.1514
0.1514
0.2017
0.2017
0.2017
0.2017
0.2017
0.2017
0.1653
0.1653
0.1653
0.1653
0.1653
0.1653
0.1653
0.1653
0.1448
0.1418
0.1418
0.1418
0.1418
0.1418
0.1418
0.1418
0.1418
0.1418
0.1448
0.1448
0.1448
0.1448
0.1448
0.1448
0.1448
0.1618
0.1618
0.1618
0.1618
0.1618
0.1618
0.1624
0.1624
0.1624
0.1624
0.1624
0.1624
0.1624
0.1624
0.1041
0.1041
0.1041
0.1041
0.1041
0.1041
0.1946
0.1946
0.1946
0.1946
0.1946
0.1946
0.1946
0.1946
0.1946
0.1349
0.209
0.209
0.209
0.209
0.209
0.209
0.209
0.209
0.209
0.209
0.1004
0.1004
0.1004
0.1004
0.1004
0.1004
0.1349
0.1349
0.1349
0.1349
0.1191
0.1191
0.1191
0.1191
0.1191
0.1191
0.1191
0.1191
0.1191
0.1611
0.1611
0.1611
0.1611
0.1611
0.1081
0.1081
0.1081
0.1081
0.1081
0.1081
0.1921
0.1921
0.1921
0.1921
0.1921
0.1921
0.1921
0.1921
0.1921
0.1592
0.1592
0.1592
0.1592
0.1592
0.1592
0.1592
0.1345
0.1345
0.1345
0.19
0.173
0.0853
0.0853
0.0853
0.0853
0.0853
0.0853
0.0853
0.173
0.173
0.173
0.173
0.173
0.173
0.19
0.19
0.19
0.19
0.19
0.1882
0.1882
0.1882
0.1882
0.1882
0.1882
0.1882
0.1882
0.1882
0.1882
0.0686
0.0686
0.0686
0.0686
0.0686
0.0686
0.0686
0.1283
0.1283
0.1283
0.1283
0.1283
0.1283
0.1473
0.1473
0.1473
0.1473
0.1473
0.1473
0.1473
0.1473
0.1473
0.1473
0.0827
0.0827
0.0827
0.0827
0.0827
0.0827
0.0827
0.0827
0.0827
0.0827
0.0827
0.1195
0.1195
0.1195
0.1195
0.136
0.136
0.136
0.136
0.136
0.136
0.136
0.136
0.1095
0.1095
0.1095
0.1095
0.1095
0.1095
0.1095
0.1286
0.1286
0.1286
0.1286
0.1286
0.1286
0.1286
0.1286
0.1807
0.1807
0.1807
0.1807
0.1807
0.1807
0.1807
0.1256
0.1256
0.1256
0.1096
0.1096
0.1096
0.1096
0.1096
0.1096
0.1096
0.1096
0.1096
0.1096
0.1096
0.1117
0.1117
0.1117
0.1117
0.1117
0.1256
0.1256
0.1256
0.1256
0.1256
0.1256
0.1273
0.1273
0.1273
0.1755
0.1755
0.1755
0.1755
0.1253
0.1253
0.1253
0.1372
0.1372
0.1372
0.1372
0.2448
0.2448
0.1483
0.1483
0.1483
0.1483
0.1334
0.1334
0.1334
0.1334
0.1744
0.1744
0.1055
0.1055
0.1055
0.1475
0.1475
0.1241
0.1241
0.1241
0.1241
0.1577
0.1577
0.1577
0.1577
0.1577
0.091
0.091
0.091
0.091
0.1448
0.1448
0.1448
0.1448
0.1448
0.1448
0.1814
0.1814
0.1814
0.1506
0.1506
0.1506
0.1506
0.1506
0.0876
0.0876
0.0876
0.0876
0.0996
0.0996
0.0996
0.0996
0.1191
0.1191
0.1191
0.1191
0.1191
0.1191
0.2587
0.1299
0.1299
0.1299
0.1299
0.1299
0.2587
0.2587
0.2587
0.14266092757771462
0.14058407314409804
0.14498506730919528
0.14179976939480593
0.14104799617244407
0.1197
0.1197
0.1197
0.1197
0.1197
0.156
0.156
0.156
0.156
0.1176
0.1176
0.1176
0.1176
0.1176
0.1176
0.1176
0.1176
0.1176
0.1176
0.1924
0.1924
0.1924
0.1924
0.455
0.455
0.455
0.455
0.1122
0.1122
0.1122
0.1122
0.1122
0.1122
0.1625
0.1625
0.1625
0.1625
0.1625
0.1241
0.1455
0.1455
0.1455
0.1455
0.1455
0.1241
0.1241
0.1241
0.1588
0.1394
0.1394
0.1394
0.1394
0.1394
0.1394
0.1394
0.1824
0.1824
0.1824
0.1588
0.1588
0.1588
0.1588
0.1588
0.1588
0.1588
0.1588
0.1058
0.1058
0.1058
0.1058
0.1058
0.1058
0.183
0.183
0.183
0.183
0.183
0.1078
0.1078
0.1078
0.1078
0.1078
0.1246
0.1246
0.1246
0.1246
0.1246
0.1246
0.1542
0.1542
0.1542
0.1542
0.1542
0.1542
0.1232
0.1232
0.1232
0.1277
0.1277
0.1277
0.1277
0.1277
0.1277
0.2554
0.2554
0.2554
0.2554
0.2554
0.2554
0.2554
0.2554
0.2554
0.2554
0.2554
0.2554
0.2554
0.2554
0.2554
0.2554
0.2554
0.2554
0.2554
0.2554
0.2554
0.2554
0.2554
0.2554
0.2554
0.2554
0.2554
0.2554
0.2554
0.2554
0.2554
0.2554
0.2554
0.2554
0.2554
0.2554
0.2554
0.2554
0.2554
0.2554
0.2554
0.2554
0.2554
0.2554
0.2554
0.2554
0.2554
0.2554
0.2554
0.2554
0.2554
0.2554
0.2554
0.2554
0.2554
0.2554
0.2554
0.2554
0.2554
0.2554
0.2554
0.2554
0.2554
0.2554
0.2554
0.2554
0.2554
0.2554
0.2554
0.2554
0.2554
0.2554
0.2554
0.2554
0.2554
0.2554
0.2554
0.2554
0.2554
0.2554
0.2554
0.2554
0.2554
0.2554
0.2554
0.2554
0.2554
0.2554
0.2554
0.2554
0.2554
0.2554
0.2554
0.2554
0.2554
0.2554
0.2554
0.2554
0.2554
0.2554
0.2554
0.2554
0.2554
0.2554
0.2554
0.2554
0.2554
0.2554
0.2554
0.2554
0.2554
0.2554
0.2554
0.2554
0.2554
0.2554
0.2554
0.2554
0.2554
0.2554
0.2554
0.2554
0.2554
0.2554
0.2554
0.2554
0.2554
0.2554
0.2554
0.2554
0.2554
0.2554
0.2554
0.2554
0.2554
0.2554
0.2554
0.2554
0.2554
0.2554
0.2554
0.2554
0.2554
0.2554
0.2554
0.2554
0.2554
0.2554
0.2554
0.2554
0.2554
0.2554
0.2554
0.2554
0.2554
0.2554
0.2554
0.2554
0.2554
0.2554
0.2554
0.2554
0.2554
0.2554
0.2554
0.2554
0.2554
0.2554
0.2554
0.2554
0.2554
0.2554
0.2554
0.2554
0.2554
0.2554
0.2554
0.2554
0.2554
0.2554
0.2554
0.2554
0.2554
0.2554
0.2554
0.2554
0.2554
0.2554
0.2554
0.2554
0.2554
0.2554
0.2554
0.2554
0.2554
0.2554
0.2554
0.2554
0.2554
0.2554
0.2554
0.2554
0.2554
0.2554
0.2554
0.2554
0.2554
0.2554
0.2554
0.2554
0.2554
0.2554
0.2554
0.2554
0.2554
0.2554
0.2554
0.2554
0.2554
0.2554
0.2554
0.2554
0.2554
0.2554
0.2554
0.2554
0.2554
0.2554
0.2554
0.2554
0.2554
0.2554
0.2554
0.2554
0.2554
0.2554
0.2554
0.2554
0.2554
0.2554
0.2554
0.2554
0.2554
0.2554
0.2554
0.2554
0.2554
0.2554
0.2554
0.2554
0.2554
0.2554
0.2554
0.2554
0.2554
0.2554
0.2554
0.2554
0.2554
0.2554
0.2554
0.2554
0.2554
0.2554
0.2554
0.2554
0.2554
0.2554
0.2554
0.2554
0.2554
0.2554
0.2554
0.2554
0.2554
0.2554
0.2554
0.2554
0.2554
0.2554
0.2554
0.2554
0.2554
0.2554
0.2554
0.2554
0.2554
0.2554
0.2554
0.2554
0.2554
0.2554
0.2554
0.2554
0.2554
0.2554
0.2554
0.2554
0.2554
0.2554
0.2554
0.2554
0.2554
0.2554
0.2554
0.2554
0.2554
0.2554
0.2554
0.2554
0.2554
0.2554
0.2554
0.2554
0.2554
0.2554
0.2554
0.2554
0.2554
0.2554
0.2554
0.2554
0.2554
0.2554
0.2554
0.2554
0.2554
0.2554
0.2554
0.2554
0.2554
0.2554
0.2554
0.2554
0.2554
0.2554
0.2554
0.2554
0.2554
0.2554
0.2554
0.2554
0.2554
0.2554
0.2554
0.2554
0.2554
0.2554
0.2554
0.2554
0.2554
0.2554
0.2554
0.2554
0.2554
0.2554
0.2554
0.2554
0.2554
0.2554
0.2554
0.2554
0.2554
0.2554
0.2554
0.2554
0.2554
0.2554
0.2554
0.2554
0.2554
0.2554
0.2554
0.2554
0.2554
0.2554
0.2554
0.2554
0.2554
0.2554
0.2554
0.2554
0.2554
0.2554
0.2554
0.2554
0.2554
0.2554
0.2554
0.2554
0.2554
0.2554
0.2554
0.2554
0.2554
0.2554
0.2554
0.2554
0.2554
0.2554
0.2554
0.2554
0.2554
0.2554
0.2554
0.2554
0.2554
0.2554
0.2554
0.2554
0.2554
0.2554
0.2554
0.2554
0.2554
0.2554
0.2554
0.2554
0.2554
0.2554
0.2554
0.2554
0.2554
0.2554
0.2554
0.2554
0.2554
0.2554
0.2554
0.2554
0.2554
0.2554
0.2554
0.2554
0.2554
0.2554
0.2554
0.2554
0.2554
0.2554
0.2554
0.2554
0.2554
0.2554
0.2554
0.2554
0.2554
0.2554
0.2554
0.2554
0.2554
0.2554
0.2554
0.2554
0.2554
0.2554
0.2554
0.2554
0.2554
0.2554
0.2554
0.2554
0.2554
0.2554
0.2554
0.2554
0.2554
0.2554
0.2554
0.2554
0.2554
0.2554
0.2554
0.2554
0.2554
0.2554
0.2554
0.2554
0.2554
0.2554
0.2554
0.2554
0.2554
0.2554
0.2554
0.2554
0.2554
0.2554
0.2554
0.2554
0.2554
0.2554
0.2554
0.2554
0.2554
0.2554
0.2554
0.2554
0.2554
0.2554
0.0451
0.0451
0.0451
0.0451
0.0451
0.0451
0.0437
0.0437
0.0437
0.0437
0.0437
0.0437
0.0437
0.0324
0.0324
0.0324
0.0324
0.0324
0.0324
0.0324
0.0396
0.0396
0.0396
0.0396
0.0396
0.0396
0.0396
0.0491
0.0491
0.0491
0.0491
0.0491
0.0491
0.0491
0.0491
0.0288
0.0288
0.0288
0.0288
0.0288
0.0288
0.0288
0.0288
0.0288
0.0288
0.0288
0.0288
0.0288
0.0463
0.0463
0.0463
0.0463
0.0463
0.0463
0.035
0.035
0.035
0.0461
0.0461
0.0461
0.0461
0.0461
0.0911
0.0911
0.0911
0.0911
0.0911
0.0911
0.0659
0.0659
0.0659
0.0659
0.0659
0.0659
0.0659
0.0659
0.0659
0.0261
0.0261
0.0261
0.0261
0.0447
0.0447
0.0447
0.0447
0.0447
0.1116
0.1116
0.1116
0.1116
0.1116
0.0771
0.0771
0.0771
0.0771
0.0771
0.0457
0.0457
0.0457
0.0457
0.0687
0.0687
0.0687
0.0529
0.0529
0.0529
0.0456
0.0456
0.0456
0.0456
0.0456
0.0456
0.0456
0.0456
0.0444
0.0444
0.0444
0.0444
0.0444
0.0515
0.0515
0.0515
0.0515
0.0515
0.0409
0.0409
0.0409
0.0409
0.0409
0.0337
0.0337
0.0337
0.0353
0.0353
0.0353
0.0353
0.0353
0.0353
0.0419
0.0419
0.0419
0.0419
0.0569
0.0569
0.0569
0.0569
0.0569
0.0612
0.0612
0.0612
0.0612
0.0612
0.0612
0.0612
0.0451
0.0451
0.0451
0.0451
0.0451
0.0451
0.0451
0.0451
0.0803
0.0803
0.0803
0.0803
0.0803
0.0803
0.0803
0.0522
0.0522
0.0522
0.037
0.037
0.037
0.037
0.0354
0.0354
0.0354
0.0354
0.0354
0.0354
0.0354
0.0354
0.0545
0.0545
0.0545
0.0545
0.0545
0.0545
0.0545
0.0545
0.0545
0.0515
0.0515
0.0515
0.0515
0.0515
0.0934
0.0934
0.0934
0.0934
0.0934
0.0934
0.0934
0.0484
0.0484
0.0484
0.0484
0.0484
0.0484
0.0645
0.0645
0.0645
0.0645
0.0645
0.0645
0.0645
0.0645
0.0645
0.0428
0.0428
0.0428
0.0428
0.0428
0.076
0.076
0.076
0.076
0.0647
0.0647
0.0647
0.0647
0.0647
0.0647
0.0647
0.0647
0.0647
0.0633
0.0633
0.0633
0.0633
0.0633
0.0477
0.0477
0.0477
0.0358
0.0358
0.0358
0.0358
0.0358
0.0358
0.0358
0.0358
0.0579
0.0579
0.0579
0.0579
0.0579
0.0579
0.0579
0.0579
0.0394
0.0394
0.0394
0.0394
0.0393
0.0393
0.0393
0.0393
0.0393
0.0393
0.0373
0.0373
0.0373
0.0373
0.0373
0.0373
0.0373
0.0564
0.0564
0.0564
0.0564
0.0564
0.0445
0.0445
0.0445
0.0445
0.0445
0.0445
0.0445
0.0445
0.0466
0.0466
0.0466
0.0466
0.0588
0.0588
0.0588
0.0588
0.0588
0.0588
0.0396
0.0396
0.0396
0.0396
0.0396
0.0396
0.0396
0.0274
0.0274
0.0274
0.0274
0.0274
0.0274
0.052
0.052
0.0717
0.0717
0.0717
0.0538
0.0538
0.0538
0.0558
0.0558
0.0558
0.0558
0.0703
0.0703
0.0703
0.0703
0.0703
0.0703
0.0703
0.0541
0.0541
0.0541
0.0371
0.0371
0.0371
0.0529
0.0529
0.0529
0.0529
0.0472
0.0472
0.0797
0.0797
0.0797
0.0797
0.0646
0.0646
0.0443
0.0443
0.0443
0.045
0.045
0.045
0.0473
0.0473
0.0473
0.0473
0.0446
0.0446
0.0524
0.0524
0.0524
0.0668
0.0668
0.0668
0.0668
0.0668
0.0422
0.0422
0.0402
0.0402
0.0798
0.0798
0.0508
0.0508
0.0383
0.0383
0.0383
0.0383
0.0383
0.0599
0.0599
0.0599
0.0599
0.0599
0.062
0.062
0.0426
0.0283
0.0283
0.0283
0.0283
0.0283
0.0283
0.0426
0.0426
0.0443
0.0443
0.0443
0.0443
0.0443
0.0857
0.0857
0.0857
0.0857
0.073
0.073
0.073
0.073
0.073
0.0492
0.0492
0.0492
0.047
0.047
0.047
0.047
0.047
0.0378
0.0378
0.0378
0.0378
0.045
0.045
0.045
0.045
0.0767
0.0767
0.0835
0.0835
0.0835
0.0469
0.0469
0.0469
0.0469
0.0317
0.0317
0.0317
0.0317
0.0521
0.0521
0.0521
0.0392
0.0392
0.0392
0.0392
0.05
0.05
0.05
0.053
0.053
0.053
0.053
0.053
0.0356
0.0356
0.0356
0.0356
0.0356
0.0411
0.0411
0.0411
0.0483
0.0483
0.0463
0.0463
0.0339
0.0339
0.0442
0.0442
0.0442
0.0442
0.0442
0.0442
0.0388
0.0388
0.0542
0.0324
0.0324
0.0324
0.035
0.035
0.035
0.0542
0.0395
0.0395
0.0395
0.0523
0.0523
0.0523
0.0523
0.0374
0.0374
0.0374
0.0374
0.2188
0.2188
0.2188
0.2188
0.2188
0.2188
0.2188
0.2188
0.2188
0.2188
0.2188
0.2188
0.2188
0.2188
0.2188
0.2188
0.2188
0.2188
0.2188
0.2188
0.2188
0.2188
0.2188
0.2188
0.2188
0.2188
0.2188
0.2188
0.2188
0.2188
0.2188
0.2188
0.2188
0.2188
0.2188
0.2188
0.2188
0.2188
0.2188
0.2188
0.2188
0.2188
0.2188
0.2188
0.2188
0.2188
0.2188
0.2188
0.2188
0.2188
0.2188
0.2188
0.2188
0.2188
0.2188
0.2188
0.2188
0.2188
0.2188
0.2188
0.2188
0.2188
0.2188
0.2188
0.2188
0.2188
0.2188
0.2188
0.2188
0.2188
0.2188
0.2188
0.2188
0.2188
0.2188
0.2188
0.2188
0.2188
0.2188
0.2188
0.2188
0.2188
0.2188
0.2188
0.2188
0.2188
0.2188
0.2188
0.2188
0.2188
0.2188
0.2188
0.2188
0.2188
0.2188
0.2188
0.2188
0.2188
0.2188
0.2188
0.2188
0.2188
0.2188
0.2188
0.2188
0.2188
0.2188
0.2188
0.2188
0.2188
0.2188
0.2188
0.2188
0.2188
0.2188
0.2188
0.2188
0.2188
0.2188
0.2188
0.2188
0.2188
0.2188
0.2188
0.2188
0.2188
0.2188
0.2188
0.2188
0.2188
0.2188
0.2188
0.2188
0.2188
0.2188
0.2188
0.2188
0.2188
0.2188
0.2188
0.2188
0.2188
0.2188
0.2188
0.2188
0.2188
0.2188
0.2188
0.2188
0.2188
0.2188
0.2188
0.2188
0.2188
0.2188
0.2188
0.2188
0.2188
0.2188
0.2188
0.2188
0.2188
0.2188
0.2188
0.2188
0.2188
0.2188
0.2188
0.2188
0.2188
0.2188
0.2188
0.2188
0.2188
0.2188
0.2188
0.2188
0.2188
0.2188
0.2188
0.2188
0.2188
0.2188
0.2188
0.2188
0.2188
0.2188
0.2188
0.2188
0.2188
0.2188
0.2188
0.2188
0.2188
0.2188
0.2188
0.2188
0.2188
0.2188
0.2188
0.2188
0.2188
0.2188
0.2188
0.2287
0.2287
0.2287
0.2287
0.2287
0.2287
0.2287
0.2287
0.2287
0.2287
0.2287
0.2287
0.2287
0.2287
0.2287
0.2287
0.2287
0.2287
0.2287
0.2287
0.2287
0.2287
0.2287
0.2287
0.2287
0.2287
0.2287
0.2287
0.2287
0.2287
0.2287
0.2287
0.2287
0.2287
0.2287
0.2287
0.2287
0.2287
0.2287
0.2287
0.2287
0.2287
0.2287
0.2287
0.2287
0.2287
0.2287
0.2287
0.2287
0.2287
0.2287
0.2287
0.2287
0.2287
0.2287
0.2287
0.2287
0.2287
0.2287
0.2287
0.2287
0.2287
0.2287
0.2287
0.2287
0.2287
0.2287
0.2287
0.2287
0.2287
0.2287
0.2287
0.2287
0.2287
0.2287
0.2287
0.2287
0.2287
0.2287
0.2287
0.2287
0.2287
0.2287
0.2287
0.2287
0.2287
0.2287
0.2287
0.2287
0.2287
0.2287
0.2287
0.2287
0.2287
0.2287
0.2287
0.2287
0.2287
0.2287
0.2287
0.2287
0.2287
0.2287
0.2287
0.2287
0.2287
0.2287
0.2287
0.2287
0.2287
0.2287
0.2287
0.2287
0.2287
0.2287
0.2287
0.2287
0.2287
0.2287
0.2287
0.2287
0.2287
0.2287
0.2287
0.2287
0.2287
0.2287
0.2287
0.2287
0.2287
0.2287
0.2287
0.2287
0.2287
0.2287
0.2287
0.2287
0.2287
0.2287
0.2287
0.2287
0.2287
0.2287
0.2287
0.2287
0.2287
0.2287
0.2287
0.2287
0.2287
0.2287
0.2287
0.2287
0.2287
0.2287
0.2287
0.2287
0.2287
0.2287
0.2287
0.2287
0.2287
0.2287
0.2672
0.2672
0.2672
0.2672
0.2672
0.2672
0.2672
0.2672
0.2672
0.2672
0.2672
0.2672
0.2672
0.2672
0.2672
0.2672
0.2672
0.2672
0.2672
0.2672
0.2672
0.2672
0.2672
0.2672
0.2672
0.2672
0.2672
0.2672
0.2672
0.2672
0.2672
0.2672
0.2672
0.2672
0.2672
0.2672
0.2672
0.2672
0.2672
0.2672
0.2672
0.2672
0.2672
0.2672
0.2672
0.2672
0.2672
0.2672
0.2672
0.2672
0.2672
0.2672
0.2672
0.2672
0.2672
0.2672
0.2672
0.2672
0.2672
0.2672
0.2672
0.2672
0.2672
0.2672
0.2672
0.2672
0.2672
0.2672
0.2672
0.2672
0.2672
0.2672
0.2672
0.2672
0.2672
0.2672
0.2672
0.2672
0.2672
0.2672
0.2672
0.2672
0.2672
0.2672
0.2672
0.2672
0.2672
0.2672
0.2672
0.2672
0.2672
0.2672
0.2672
0.2672
0.2672
0.2672
0.2672
0.2672
0.2672
0.2672
0.2672
0.2672
0.2672
0.2672
0.2672
0.2672
0.2672
0.2672
0.2672
0.2672
0.2672
0.2672
0.2672
0.2672
0.2672
0.2672
0.2672
0.2672
0.2672
0.2672
0.2672
0.2672
0.2672
0.2672
0.2672
0.2672
0.2672
0.2672
0.2672
0.2672
0.2672
0.2672
0.2672
0.2377
0.2377
0.2377
0.2377
0.2377
0.2377
0.2377
0.2377
0.2377
0.2377
0.2377
0.2377
0.2377
0.2377
0.2377
0.2377
0.2377
0.2377
0.2377
0.2377
0.2377
0.2377
0.2377
0.2377
0.2377
0.2377
0.2377
0.2377
0.2377
0.2377
0.2377
0.2377
0.2377
0.2377
0.2377
0.2377
0.2377
0.2377
0.2377
0.2377
0.2377
0.2377
0.2377
0.2377
0.2377
0.2377
0.2377
0.2377
0.2377
0.2377
0.2377
0.2377
0.2377
0.2377
0.2377
0.2377
0.2377
0.2377
0.2377
0.2377
0.3127
0.3127
0.3127
0.3127
0.3127
0.3127
0.3127
0.3127
0.3127
0.3127
0.3127
0.3127
0.3127
0.3127
0.3127
0.3127
0.3127
0.3127
0.3127
0.3127
0.3127
0.3127
0.3127
0.3127
0.3127
0.3127
0.3127
0.3127
0.3127
0.3127
0.3127
0.3127
0.3127
0.3127
0.3127
0.3127
0.3127
0.3127
0.3127
0.3127
0.3127
0.3127
0.3127
0.3127
0.3127
0.3127
0.3127
0.3127
0.3127
0.3127
0.3127
0.3127
0.3127
0.3127
0.3127
0.3127
0.3127
0.3127
0.3127
0.3127
0.3127
0.3127
0.3127
0.3127
0.3127
0.3127
0.3127
0.3127
0.3127
0.3127
0.3127
0.3127
0.3127
0.3127
0.3127
0.3127
0.3127
0.3127
0.3127
0.3127
0.3127
0.3127
0.3127
0.3127
0.3127
0.3127
0.3127
0.3127
0.3127
0.3127
0.3127
0.3127
0.3127
0.3127
0.3127
0.3127
0.3127
0.3946
0.3946
0.3946
0.3946
0.3946
0.3946
0.3946
0.3946
0.3946
0.3946
0.3946
0.3946
0.3946
0.3946
0.3946
0.3946
0.3946
0.3946
0.3946
0.3946
0.3946
0.3946
0.3946
0.3946
0.3946
0.3946
0.3946
0.3946
0.3946
0.3946
0.3946
0.3946
0.3946
0.3946
0.3946
0.3946
0.3946
0.3946
0.3946
0.3946
0.3946
0.3946
0.3946
0.3946
0.3946
0.3946
0.3946
0.3946
0.3946
0.3946
0.3946
0.3946
0.3946
0.3946
0.3946
0.3946
0.3946
0.3946
0.3946
0.3946
0.3946
0.3946
0.3946
0.3946
0.3946
0.3946
0.3946
0.3946
0.3946
0.3946
0.3946
0.3946
0.3513
0.3513
0.3513
0.3513
0.3513
0.3513
0.3513
0.3513
0.3513
0.3513
0.3513
0.3513
0.3513
0.3513
0.3513
0.3513
0.3513
0.3513
0.3513
0.3513
0.3513
0.3513
0.3513
0.3513
0.3513
0.3513
0.3513
0.3513
0.3513
0.3513
0.3513
0.3513
0.3513
0.3513
0.3513
0.3513
0.3513
0.3513
0.3513
0.3513
0.3513
0.3513
0.3513
0.3513
0.3513
0.3513
0.3513
0.3513
0.3513
0.3513
0.3513
0.3513
0.3513
0.3513
0.3513
0.3513
0.3513
0.3513
0.3513
0.3513
0.3513
0.3513
0.3513
0.3513
0.3513
0.3513
0.2806
0.2806
0.2806
0.2806
0.2806
0.2806
0.2806
0.2806
0.2806
0.2806
0.2806
0.2806
0.2806
0.2806
0.2806
0.2806
0.2806
0.2806
0.2806
0.2806
0.2806
0.2806
0.2806
0.2806
0.2806
0.2806
0.2806
0.2806
0.2806
0.2806
0.2806
0.2806
0.2806
0.2806
0.2806
0.2806
0.2806
0.2806
0.2806
0.2806
0.2806
0.2806
0.2806
0.2806
0.2806
0.2806
0.2806
0.2806
0.2806
0.2806
0.2806
0.2806
0.2806
0.2806
0.2806
0.3353
0.3353
0.3353
0.3353
0.3353
0.3353
0.3353
0.3353
0.3353
0.3353
0.3353
0.3353
0.3353
0.3353
0.3353
0.3353
0.3353
0.3353
0.3353
0.3353
0.3353
0.3353
0.3353
0.3353
0.3353
0.3353
0.3353
0.3353
0.3353
0.3353
0.3353
0.3353
0.3353
0.3353
0.3353
0.3353
0.3353
0.3353
0.3353
0.3353
0.3353
0.3353
0.3353
0.3353
0.3353
0.3353
0.3353
0.3353
0.3353
0.3353
0.3186
0.3186
0.3186
0.3186
0.3186
0.3186
0.3186
0.3186
0.3186
0.3186
0.3186
0.3186
0.3186
0.3186
0.3186
0.3186
0.3186
0.3186
0.3186
0.3186
0.3186
0.3186
0.3186
0.3186
0.3186
0.3186
0.3186
0.3186
0.3186
0.3186
0.3186
0.3186
0.3186
0.3186
0.3186
0.3186
0.3186
0.3186
0.3186
0.3186
0.3186
0.3186
0.3186
0.3186
0.3186
0.3186
0.3186
0.3186
0.2908
0.2908
0.2908
0.2908
0.2908
0.2908
0.2908
0.2908
0.2908
0.2908
0.2908
0.2908
0.2908
0.2908
0.2908
0.2908
0.2908
0.2908
0.2908
0.2908
0.2908
0.2908
0.2908
0.2908
0.2908
0.2908
0.2908
0.2908
0.2908
0.2908
0.2908
0.2908
0.2908
0.2908
0.2908
0.2908
0.2908
0.2908
0.2908
0.2908
0.2908
0.2908
0.2908
0.2908
0.2908
0.2908
0.2908
0.2908
0.2908
0.2908
0.2908
0.2908
0.1435
0.2477
0.2941
0.2277
0.8159
0.3355
0.2753
0.1794
0.2742
0.2094
0.2776
0.2974
0.2921
0.2046
0.2233
0.2438
0.2167
0.2364
0.1456
0.2728
0.2388881827537208
0.1975
0.2577
0.2308
0.1841
0.0533
0.3298
0.1579
0.2447
0.2536
0.1808
0.2287
0.1655
0.1359
0.19
0.1897
0.2246
0.2263
0.4423
0.2671
0.1814
0.2359
0.2451
0.1933
0.24131271470191376
0.1744
0.1822
0.2047
0.1647
0.2118
0.2417
0.3069
0.0805
0.167
0.2084
0.2002
0.2272
0.3353
0.2608
0.1683
0.2113
0.2371
0.2971
0.2513
0.1554
0.095
0.224
0.2137
0.2219
0.2007
0.2217
0.2061
0.4405
0.219
0.2803
0.227
0.2509
0.2883
0.2765
0.2769
0.2141
0.2678
0.2842
0.2376
0.2686
0.24003277574612672
0.1869
0.2289
0.1158
0.201
0.2295
0.261
0.3423
0.2228
0.2562
0.2634
0.2271
0.1212
0.2232
0.1849
0.1923
0.24027347112371472
0.167
0.1235
0.1656
0.3024
0.2146
0.1842
0.1904
0.2275
0.2879
0.2289
0.068
0.3325
0.497
0.2102
0.259
0.1622
0.2038
0.2481
0.2167
0.2348
0.1431
0.2359
0.2257
0.2501
0.1595
0.226
0.2342
0.0638
0.2252
0.3049
0.2363
0.0868
0.23349175577151932
0.6106
0.2571
0.1288
0.2354
0.23
0.2277
0.2503
0.1029
0.2728
0.3719
0.2274
0.2987
0.189
0.3061
0.2546
0.2077
0.2048
0.2304
0.22
0.1208
0.223
0.2279
0.1016
0.3373
0.2948
0.162
0.1104
0.3891
0.2389
0.2279
0.2008
0.2852
0.2173
0.23206592133296308
0.2096
0.2475
0.0962
0.0938
0.2511
0.2206
0.5651
0.1896
0.3547
0.3216
0.2206
0.2144
0.23732755237975797
0.5874
0.271
0.2534
0.1958
0.2468
0.2925
0.2388
0.1962
0.2623
0.2679
0.267
0.2729
0.2064
0.2102
0.2873
0.2409
0.2203
0.3256
0.2005
0.1927
0.2006
0.2703
0.2407
0.2382
0.2542
0.1387
0.3477
0.1944
0.2468
0.1599
0.2509
0.285
0.1892
0.1777
0.2253
0.1892
0.213
0.23515935232320015
0.2236
0.1941
0.1033
0.3439
0.251
0.1805
0.2406755608293239
0.2546
0.0827
0.2255
0.2263
0.2992
0.2198
0.23144093099497157
0.15
0.2468
0.253
0.1636
0.2064
0.3018
0.3394
0.2653
0.2422
0.2515
0.2478
0.1758
0.2424
0.1872
0.3287
0.2475
0.2485
0.2588
0.2274
0.3588
0.1818
0.2036
0.2331
0.1739
0.1844
0.2282
0.2897
0.2735
0.2844
0.2897
0.2242
0.2766
0.2293
0.2115
0.1579
0.2469
0.2713
0.1557
0.1837
0.1878
0.2488
0.446
0.179
0.2372
0.2492
0.2982
0.4608
0.2206
0.2784
0.3454
0.2733
0.2192
0.2499
0.2004
0.2986
0.2331
0.2887
0.2575
0.2504
0.2207
0.2705
0.2411
0.1916
0.2701
0.2257
0.23772963082550325
0.5513
0.2872
0.189
0.2932
0.1884
0.2466
0.0852
0.3016
0.2566
0.3314
0.1937
0.1356
0.2845
0.2506
0.2019
0.2400372098230793
0.2304
0.1609
0.257
0.2181
0.2133
0.2307
0.7496
0.2272
0.2322
0.2257
0.1094
0.2404
0.047
0.2912
0.1403
0.23401025664608535
0.2228
0.2984
0.2358
0.1761
0.204
0.2352
0.0608
0.2074
0.2589
0.2463
0.2236
0.3096
0.2836
0.2426
0.1647
0.2915
0.2365
0.4114
0.23420617439555674
0.1673
0.2394441099496273
0.2114
0.1337
0.267
0.2056
0.1769
0.2952
0.2384
0.2797
0.5354
0.2394
0.1962
0.225
0.2197
0.2393
0.2201
0.2217
0.1467
0.1858
0.3214
0.2583
0.2005
0.2386
0.4504
0.3937
0.1619
0.2569
0.2937
0.152
0.2681
0.1725
0.2197
0.4101
0.2891
0.2714
0.2813
0.1922
0.2334
0.2644
0.1893
0.259
0.2404814539486923
0.2197
0.23792350172439886
0.1341
0.2218
0.23613811405775345
0.4179
0.2223
0.2645
0.2357
0.3204
0.2799
0.2873
0.1882
0.235147604769957
0.2619
0.3074
0.1133
0.3557
0.1774
0.1829
0.1003
0.2345
0.2634
0.2771
0.2332
0.24018708176435916
0.2459
0.2015
0.2221
0.2459
0.1527
0.1811
0.2097
0.2542
0.1468
0.2615
0.2478
0.2723
0.2005
0.2064
0.1434
0.2452
0.2276
0.2431
0.14
0.1675
0.2674
0.2442
0.218
0.2689
0.2076
0.2517
0.2888
0.2238
0.2053
0.107
0.1779
0.2647
0.2334
0.2207
0.2433
0.2137
0.1802
0.1762
0.2212
0.2895
0.2136
0.1133
0.1564
0.2169
0.23765379764725877
0.2063
0.1622
0.1833
0.234
0.3134
0.2334
0.2286
0.2373
0.1759
0.0476
0.3265
0.2554
0.2086
0.2455
0.3547
0.3027
0.2366
0.23939369543635874
0.1467
0.2606
0.23302369973709167
0.2622
0.2312
0.1826
0.238
0.2676
0.2241
0.2413
0.2259
0.2707
0.22
0.2394
0.2344
0.23582078888899835
0.2574
0.2276
0.2276
0.2276
0.2276
0.2276
0.2276
0.2276
0.2276
0.2276
0.2276
0.2276
0.318
0.318
0.318
0.318
0.318
0.318
0.318
0.318
0.318
0.2384
0.2384
0.2384
0.2384
0.2384
0.2384
0.2384
0.2384
0.2384
0.2384
0.2384
0.2384
0.2384
0.2384
0.2529
0.2529
0.2529
0.2529
0.2529
0.2529
0.2529
0.2529
0.2529
0.2529
0.2529
0.2529
0.2529
0.2529
0.2529
0.2529
0.2529
0.2529
0.3051
0.3051
0.3051
0.3051
0.3051
0.3051
0.3051
0.3051
0.3051
0.3051
0.3051
0.3051
0.3051
0.3051
0.3051
0.3636
0.3636
0.3636
0.3636
0.3636
0.3636
0.3636
0.3636
0.3636
0.3636
0.3636
0.3636
0.3636
0.3636
0.3636
0.3636
0.3636
0.3636
0.3636
0.3636
0.3047
0.3047
0.3047
0.3047
0.3047
0.3047
0.3047
0.3047
0.3047
0.3047
0.3047
0.3047
0.3047
0.3047
0.3047
0.3047
0.3047
0.3047
0.3047
0.3047
0.3047
0.3047
0.3105782369468097
0.3170537929452356
0.3076681063645641
0.31102793606489904
0.30818488498595475
0.31083416391302526
0.30917720137462934
0.31721961461584186
0.30756509122978637
0.31632572153842786
0.3143130214639498
0.3130774396393691
0.31553957614868006
0.30730805443298104
0.3134139568944441
0.3154337875430735
0.31620838810998925
0.334
0.334
0.334
0.334
0.334
0.334
0.334
0.334
0.334
0.334
0.334
0.334
0.334
0.334
0.334
0.334
0.334
0.334
0.334
0.334
0.334
0.334
0.2221
0.2221
0.2221
0.2221
0.2221
0.2221
0.2221
0.2221
0.2221
0.2221
0.2221
0.2221
0.2221
0.2221
0.2221
0.2221
0.3663
0.3663
0.3663
0.3663
0.3663
0.3663
0.3663
0.3663
0.3663
0.3663
0.3663
0.3663
0.3663
0.3663
0.3663
0.3168993512382367
0.31126711339004337
0.3120358873733285
0.30798300494788344
0.31690371356238306
0.3074924119765557
0.3135408999406978
0.31390503786323215
0.3166427110135846
0.3076977172010646
0.3157230613197263
0.30829977078056836
0.3170601156179089
0.3085596940259781
0.30972992118240417
0.3123388411966278
0.3128681637657003
0.3125045435640682
0.31365201100157036
0.3141424840116139
0.3140934838687425
0.3150176484232033
0.2342
0.2342
0.2342
0.2342
0.2342
0.2342
0.2342
0.2342
0.2342
0.2342
0.2342
0.2342
0.2342
0.2342
0.2342
0.2342
0.2342
0.491
0.491
0.491
0.491
0.491
0.491
0.491
0.491
0.491
0.491
0.491
0.491
0.491
0.491
0.491
0.491
0.491
0.3692
0.3692
0.3692
0.3692
0.3692
0.3692
0.3692
0.3692
0.3692
0.3692
0.3692
0.3692
0.3164
0.3164
0.3164
0.3164
0.3164
0.3164
0.3164
0.3164
0.3164
0.3164
0.3164
0.3164
0.3164
0.3164
0.3164
0.3164
0.3164
0.2692
0.2692
0.2692
0.2692
0.2692
0.2692
0.2692
0.2692
0.2692
0.2692
0.2692
0.352
0.352
0.352
0.352
0.352
0.352
0.352
0.352
0.352
0.352
0.352
0.352
0.352
0.352
0.352
0.1797
0.1797
0.1797
0.1797
0.1797
0.1797
0.1797
0.1797
0.1797
0.1797
0.3102262905361433
0.3141649291814461
0.3108657241523786
0.30773828153813987
0.3081776640080201
0.31315949874959786
0.3137534482725819
0.30895583193604403
0.3461
0.3461
0.3461
0.3461
0.3461
0.3461
0.3461
0.3461
0.3461
0.3461
0.3461
0.3461
0.3675
0.3675
0.3675
0.3675
0.3675
0.3675
0.3675
0.3675
0.3675
0.3675
0.3675
0.3675
0.3675
0.3675
0.3548
0.3548
0.3548
0.3548
0.3548
0.3548
0.3548
0.3548
0.3548
0.3548
0.3548
0.1453
0.1453
0.1453
0.1453
0.1453
0.1453
0.1453
0.1453
0.4019
0.4019
0.4019
0.4019
0.4019
0.4019
0.4019
0.4019
0.3231
0.3231
0.3231
0.3231
0.31659055061288593
0.31539084426220565
0.3096797963551208
0.31091587231150564
0.3100714652092245
0.309575834472806
0.31628473825887093
0.3089630617400806
0.3077674983814325
0.3164
0.3164
0.3164
0.3164
0.3164
0.3164
0.3164
0.3164
0.3164
0.38
0.2581
0.2581
0.2581
0.2581
0.2581
0.2581
0.2581
0.2581
0.2581
0.2581
0.2581
0.2581
0.3331
0.3331
0.3331
0.3331
0.3331
0.3331
0.3331
0.32
0.32
0.32
0.32
0.32
0.32
0.32
0.32
0.32
0.3674
0.3674
0.3674
0.3674
0.3674
0.3674
0.3674
0.3674
0.3674
0.3172376453979339
0.31379816331072835
0.31214116290687605
0.31712899920314463
0.3141563266260951
0.3196
0.3196
0.3196
0.3196
0.3196
0.3196
0.3196
0.3196
0.3196
0.3196
0.3196
0.3196
0.2789
0.2789
0.2789
0.2789
0.2789
0.2789
0.2789
0.2789
0.2789
0.2789
0.2789
0.2789
0.3109117751483925
0.309882929965446
0.3096514300901864
0.30824375079639654
0.3171484251509066
0.3130655837472324
0.31259360822794163
0.3152850636846665
0.3135205468075636
0.31530156535704734
0.38
0.38
0.38
0.38
0.38
0.38
0.38
0.2282
0.2282
0.2282
0.2282
0.2282
0.2282
0.2282
0.2282
0.2282
0.2282
0.2282
0.2282
0.2282
0.4855
0.4855
0.4855
0.4855
0.4855
0.4855
0.3177
0.3177
0.3177
0.3177
0.3177
0.3177
0.3177
0.3177
0.2676
0.2676
0.2676
0.2676
0.2676
0.2676
0.003810311158843023
0.004109673254340859
0.0007797151454179887
0.0016265104586520064
0.0028820251994295123
0.0021029490790725525
0.0017082039760728074
0.004117154596094561
0.0032842210117503432
0.0029469693303071877
0.001188523079568158
0.00346153306760921
0.0019774734458020025
0.0041602710173021945
0.0019207628008815437
0.0015900407979607704
0.0022533911094534684
0.004903953526143712
0.004505376459287292
0.004684010510292076
0.00447021637451
0.001938485573724885
0.00463164985747598
0.0008657594945024856
0.004761834997055643
0.0006673907107858316
0.0005363166433632292
0.0015336704501994255
0.00362668868277358
0.002615835607661582
0.003949005082566861
0.0023188663029134436
0.002565592500566115
0.004109343576813825
0.003917357846110308
0.004954004130904658
0.003197014311483168
0.0011885080767064472
0.003065999372417497
0.002736218925324425
0.0021586065312967874
0.0017854077069580053
0.003011041479562278
0.004158236206611931
0.0013609026169597747
0.003198601061103338
0.00049656426929366
0.002692437815252001
0.002483087321782764
0.0027953151390384366
0.00344086474239774
0.0027159291846688815
0.002985040288566383
0.0047364161076096705
0.0005471412703176503
0.0014511691758147729
0.0017647271218855253
0.0022143555713499997
0.00214322669786114
5.4136868844431064e-05
0.0032293940513366546
0.00479839351812037
0.002128932403729327
0.0048307525387261
0.002293548713983899
0.0004569347487932583
0.0030990405406121583
0.003441666839802648
0.003225613651849383
0.0012111612394998328
0.002902091307214294
0.0021606989163159233
0.0019624827298531655
0.004638337454178958
0.001291782335854967
0.0018150148547421874
0.0007662615516521361
0.0021777388996447565
0.003171974705430336
0.003358472693368934
0.003170614004764716
0.0048407535146591275
0.0047388540149432305
0.0027209073629509773
0.0006273913797762076
0.004325632375746047
0.00031401842355598293
0.0011606448624244172
0.001055723308200804
0.003799701192083476
0.0017983630640169834
0.0007876842604060443
0.0015442389232506338
0.004636598692091869
0.0034713644318900916
0.0011640969663625081
0.0027613712500838294
0.0004870769351653084
0.0024783899757384173
0.0018629364273929226
0.0034882620360639554
0.0003009716209712186
0.003710726082630662
0.0007370672888845605
0.002896146717281751
0.004771837095112871
0.0007937672389669685
0.0014613741437946104
0.00041933783040287026
0.0018404437392986837
0.004221524048388852
1.0871641252479039e-05
0.0012857426668141823
0.00327841954989032
0.0024405950063959066
0.0023924920218018854
0.003793639144384158
0.0018796863264087058
0.001965193918498469
0.0016659508287262528
8.47104983242664e-05
0.0012166532914229889
0.004911383039765418
0.003535819132585987
0.004867453044391857
0.002111979753889429
0.0009114801979660534
0.0037395449781268443
0.002833883691091045
0.003191314823572471
0.0026135024893022933
0.0006244651474629206
0.0008942994054045262
0.0017205648185282018
0.002883293557222433
0.004097450127221072
0.003136677303492618
0.0016737096312555468
0.0033375781574757836
0.00451372486149407
0.0002412446542793302
0.0013167212912053305
0.004089702846431676
0.001793175074201677
0.0016437000017576944
0.002233885097270311
0.002362211925330291
0.0031459825351570856
0.004049799851926233
0.0010259819333012787
0.00331713059417787
0.003946779409831392
0.0036725153314102954
0.002728931684778577
0.0038455517290659673
0.0035661234772713666
0.0022456567731440006
0.0047440878737594954
0.0009936843293109586
0.0014728862138703013
0.002869505167510791
6.301170163863518e-05
0.004931580277423331
0.0019722115245263626
0.0017071913331787028
0.0019767212476518815
0.0031142802822418667
4.973649853263779e-05
0.001480811031102609
0.0020182683874375475
0.004318872641254474
0.0034025902535207942
0.0010568200907815897
0.0033536914017725508
0.004590830177879696
0.00032286958660545425
0.004799917929192589
0.002089984159584104
0.0013861046280493304
0.0038519727475100907
0.003574274996902528
0.0011949354809351886
0.003576900239695531
0.004115941300255056
0.004754320757959543
0.0018329784837246002
0.000134768816758544
0.0025013897265060746
0.00497578517604444
4.41732282882943e-05
0.0003099844478478518
0.0018126167174634588
0.00030697268071131455
0.003370015263368235
0.0032254943893310576
0.0006564560899563424
0.0028791563348594578
0.0031424955435713836
0.0025919311456136006
0.0027050848787335924
9.385193700560662e-05
0.0019352667484298812
0.00246822537032257
0.0032770771405916934
0.0010721896709916653
0.00025837915455749396
0.0014027789136360803
0.00017658081705338325
0.0038290176188379432
0.001561497578716332
0.0012940629723068656
0.002642986143752253
0.00357995501825389
0.0011790607391464303
0.00034084577368612146
0.000722770151787803
0.003628258370577676
0.00018142571094548893
0.003986027359967483
0.0017980817944409488
0.004606220260191568
0.0018275484919274996
0.00017338831657504918
0.003942600054677572
0.0023784780621091996
0.0013506867595834467
0.002416034212286514
0.004464372562001113
0.0020846586771618904
0.0036169949725442215
0.00017611647291996147
0.0049940439240568
0.000271352888864612
0.0023602755136415687
0.0024238643696043
0.004165616684410721
0.0018360836437720084
0.0017067243637654507
0.00225178309618439
0.0018655961701286106
5.5192920058957755e-05
0.001739612016736676
0.004407061627044463
0.004959502632238115
0.0010580952871615925
0.003449637962397142
0.0023706955588641476
0.0019115786782565704
0.002135134381552839
0.0018666790849730152
0.00041987636442935433
0.004430983702582702
0.0009098921158123907
0.004763803935899157
0.004436189222858082
0.003195403201197023
0.003352484392893041
0.004739108794501796
0.0006061252073598601
0.0018471437233991304
0.003422934877302472
0.0013716201398500248
0.004401380734115055
0.0026450391360902936
0.000582847542690482
0.0039334734809917124
0.0026981732520466586
0.001195858584838436
0.0010382984642516493
0.004565923194230342
0.0032097420298075234
0.00467929251474237
0.0031552894758497263
0.003035426301321428
0.0033175600466282197
0.001156645508544627
0.002974285477892851
0.004475961944321756
0.003960373826190862
0.004834188666766129
0.004829149243944443
0.0005393215866570569
0.003933993928156302
0.0004167098016529666
0.0030249050631965804
0.0005610260943288738
0.004293208211982337
0.0005549870378524328
0.0031226232582372117
0.0031143732300802423
0.002086692614945639
0.002490466099125843
0.004590037351491736
0.0023816475314385943
0.002455248181090125
0.004173215187433905
0.0006229713293905903
0.004283570686587976
0.0011548766318698134
0.001969930464236991
0.003013374405237033
0.0001540407972632626
0.0038699182522007334
0.003716631767295294
0.004724765746194734
0.0036371772797387522
0.004663226250930491
0.001567042471457513
0.002448849974165168
0.001860706008396025
0.00030296181530984484
0.0012006812196668102
0.0032230049779818993
0.0024143213551475274
0.0014152023342659352
0.0009311735820069552
0.002158968096370573
0.0002748096298718335
0.003531436078566156
0.002952420660708761
0.0031076286147443443
0.0019947220680020996
0.0018389561859018088
0.0035845027017799907
0.0028992654452630355
0.0007904188128773125
0.00397613064574841
0.001755437786095806
0.0034124917779452977
0.0016703967133021467
0.0026600523367525716
0.0046256335814349025
4.981396207973804e-07
0.001501468790071724
0.0017228460946160287
0.0032893305972872045
0.004634717964825662
0.001397180895401865
0.0020150687238949085
0.00037959476713990675
0.0036709720201490246
0.00025648162111007247
0.0014823637996300753
0.004397415199688821
0.0036997211646705276
0.003518349257629853
0.0036760077910500556
0.0017203972037938484
0.0027456889479361315
0.004455379519150143
0.0012242552061590738
0.0018979667565400312
0.004582560298422516
0.0024101123861635055
0.00486018753741966
0.0039033561052988263
0.00014001869932971957
0.002096211316577237
0.0005279742809830134
0.0047842925432721485
9.050248829176825e-05
0.0021537941346006636
0.004576342667876219
0.0013769126059201566
0.0020717324257405302
0.0013561194614003843
0.0013434325277842931
0.0010942693455546736
0.003834903781743451
0.0015890391176447242
0.0046902814746346486
0.0007173408541353756
0.0025507680496400353
0.002005525713764519
0.0006162647632835631
0.0029691479323678107
0.0036102586251051923
0.004598025451703422
0.004596583988352593
0.004958782877217432
0.00352107248725407
0.002420610387633391
0.0035476213874997544
0.0004015736875515709
0.0034965143530390113
0.0016603402939395274
0.003515532508482146
0.004406668108711519
0.001376198264343609
0.004980026836213601
0.0006904849472846482
0.0004542827529548897
0.002060900795059497
0.0023374406326588226
0.003475288495639317
0.0024814540458249464
0.0034452269617788996
0.00322054367893472
0.0030067259531780495
0.004374651899192742
0.0027707213929671773
0.0016528272371066407
0.0037451976337175
0.0028430014569616495
0.0017721716759348926
0.002648944315663103
0.0023902672582604145
0.00048034051480779893
0.0034875327345294327
0.0025362905189093
0.002628736012542034
0.0010178624473360385
0.0024790224594227386
0.004670028658509718
0.0002061762169628615
0.003031848227154154
0.002383451651818246
0.004419161993862092
0.001539929878743366
0.0044558463913947485
0.003605055235060781
0.004390988418486556
0.003658186304461841
0.0007934976194797719
0.00048750784297589035
0.00499916081899688
0.00211769114528804
0.0009990622271739292
0.002605133521680171
0.00032751896693703365
0.0033109060026825935
0.0008020641580694489
0.00401011842525426
0.002278164852696505
0.0032274946805142977
0.0049329667568296
0.004805003349322839
0.0037073762909025547
0.0007359747039030603
0.001878366654835332
0.00018695982345170743
0.0014608143904269654
0.0012722142965193532
0.0017303143686134212
0.00023506108257583154
0.004847498344405535
0.004754545158868241
0.00010147782401194634
0.003047026358226834
0.0009658115189234194
0.004130123502580588
0.004889281063921695
0.0049565227539706816
0.0011330387692727382
0.003080949604513679
0.0009056850727496091
0.004818675676527342
0.0013195434102535376
0.0014592322994713101
0.0006651575003185882
0.004590369423160657
0.0028967564501632503
0.0019941450478723377
0.0044265215883492704
0.00440442463607908
0.0030634887984502977
0.004519543757611864
0.003970457268135181
0.002353407197050016
0.004267436423363293
0.0011589932876486355
0.00020452682962837296
0.0026591591451974117
0.0022850289460423735
0.002404291415235546
0.0027247786691373226
0.0016200137638433011
0.003406653385264218
0.003139506815490596
0.0004849503270854252
0.0012295493686883888
0.0015079087303850316
0.003400076098972288
0.00133533883736324
0.0002081391734462066
0.0006384410597979236
0.0019725963956716617
0.0021513915583785347
0.0007205338132839252
0.0027999207657703087
0.004496982540067363
0.0036361680681385343
6.155238509951942e-05
0.0007724689865498601
0.0025201671092589108
0.0002427719028828667
0.0034398668459113078
0.004472210520885342
0.0020630574375171615
0.0006729121402937899
0.0673
0.0673
0.0673
0.0673
0.0673
0.0673
0.0673
0.0673
0.0673
0.0673
0.0673
0.0673
0.0673
0.0673
0.0673
0.0673
0.0673
0.0673
0.0673
0.0673
0.0673
0.0673
0.0673
0.0673
0.0673
0.0673
0.0673
0.0673
0.0673
0.0673
0.0673
0.0673
0.0673
0.0673
0.0673
0.0673
0.0673
0.0673
0.0673
0.0673
0.0673
0.0673
0.0673
0.0547
0.0547
0.0547
0.0547
0.0547
0.0547
0.0547
0.0547
0.0547
0.0547
0.0547
0.0547
0.0547
0.0547
0.0547
0.0547
0.0547
0.0547
0.0547
0.0547
0.0547
0.0547
0.0547
0.0547
0.0547
0.0547
0.0547
0.0547
0.0547
0.0547
0.0547
0.0547
0.0547
0.0547
0.0547
0.0547
0.0547
0.0547
0.0547
0.0547
0.0547
0.0547
0.0547
0.0547
0.0547
0.0547
0.0547
0.0547
0.0547
0.0547
0.0547
0.0547
0.0547
0.0547
0.0547
0.0547
0.0547
0.0547
0.0547
0.0547
0.0547
0.0547
0.0547
0.0547
0.0547
0.0547
0.0547
0.0547
0.0547
0.0547
0.0547
0.0547
0.0547
0.0547
0.0547
0.0547
0.0547
0.0547
0.0501
0.0501
0.0501
0.0501
0.0501
0.0501
0.0501
0.0501
0.0501
0.0501
0.0501
0.0501
0.0501
0.0501
0.0501
0.0501
0.0501
0.0501
0.0501
0.0501
0.0501
0.0501
0.0501
0.0501
0.0501
0.0501
0.0501
0.0501
0.0501
0.0501
0.0501
0.0501
0.0501
0.0501
0.0501
0.0501
0.0501
0.0501
0.0501
0.0501
0.0501
0.0501
0.0501
0.0501
0.0501
0.0501
0.0501
0.0501
0.0501
0.0501
0.0501
0.0501
0.0501
0.0501
0.0501
0.0501
0.0501
0.0501
0.0501
0.0501
0.0501
0.0501
0.0501
0.0501
0.0501
0.0501
0.0501
0.0501
0.0836
0.0836
0.0836
0.0836
0.0836
0.0836
0.0836
0.0836
0.0836
0.0836
0.0836
0.0836
0.0836
0.0836
0.0836
0.0836
0.0836
0.0836
0.0836
0.0836
0.0836
0.0836
0.0836
0.0836
0.0836
0.0836
0.0836
0.0836
0.0836
0.0836
0.0836
0.0836
0.0836
0.0836
0.0836
0.0836
0.0836
0.0836
0.0836
0.0836
0.0836
0.0836
0.0836
0.0836
0.0836
0.0836
0.0836
0.0836
0.0836
0.0836
0.0836
0.0836
0.0836
0.0836
0.0836
0.0836
0.0836
0.0836
0.0836
0.0836
0.0836
0.0836
0.0836
0.0836
0.0836
0.0836
0.0836
0.0836
0.0836
0.0836
0.0836
0.0836
0.0836
0.0836
0.0836
0.0836
0.0442
0.0442
0.0442
0.0442
0.0442
0.0442
0.0442
0.0442
0.0442
0.0442
0.0442
0.0442
0.0442
0.0442
0.0442
0.0442
0.0442
0.0442
0.0442
0.0442
0.0442
0.0442
0.0442
0.0442
0.0442
0.0442
0.0442
0.0442
0.0442
0.0442
0.0442
0.0442
0.0442
0.0442
0.0442
0.0442
0.0442
0.0442
0.0442
0.0442
0.0442
0.0442
0.0442
0.0442
0.0442
0.1108
0.1108
0.1108
0.1108
0.1108
0.1108
0.1108
0.1108
0.1108
0.1108
0.1108
0.1108
0.1108
0.1108
0.1108
0.1108
0.1108
0.1108
0.1108
0.1108
0.1108
0.1108
0.1108
0.1108
0.1108
0.1108
0.1108
0.1108
0.1108
0.1108
0.1108
0.1108
0.1108
0.1108
0.1108
0.1108
0.1108
0.1108
0.1108
0.1108
0.1108
0.1108
0.1108
0.1108
0.1108
0.1108
0.1108
0.1108
0.1108
0.0465
0.0465
0.0465
0.0465
0.0465
0.0465
0.0465
0.0465
0.0465
0.0465
0.0465
0.0465
0.0465
0.0465
0.0465
0.0465
0.0465
0.0465
0.0465
0.0465
0.0465
0.0465
0.0465
0.0465
0.0465
0.0465
0.0465
0.0465
0.0465
0.0465
0.0465
0.0465
0.0465
0.0465
0.0465
0.0465
0.0465
0.0465
0.0465
0.0465
0.0465
0.0465
0.0465
0.0465
0.0465
0.0465
0.0465
0.0465
0.0465
0.0465
0.091
0.091
0.091
0.091
0.091
0.091
0.091
0.091
0.091
0.091
0.091
0.091
0.091
0.091
0.091
0.091
0.091
0.091
0.091
0.091
0.091
0.091
0.091
0.091
0.091
0.091
0.091
0.091
0.091
0.091
0.091
0.091
0.091
0.091
0.091
0.091
0.091
0.091
0.091
0.091
0.091
0.091
0.091
0.091
0.091
0.1299
0.1299
0.1299
0.1299
0.1299
0.1299
0.1299
0.1299
0.1299
0.1299
0.1299
0.1299
0.1299
0.1299
0.1299
0.1299
0.1299
0.1299
0.1299
0.1299
0.1299
0.1299
0.1299
0.1299
0.1299
0.1299
0.1299
0.1299
0.1299
0.1299
0.1299
0.1299
0.1299
0.1299
0.1299
0.1299
0.1299
0.1299
0.1299
0.1299
0.1299
0.1299
0.1299
0.1299
0.1299
0.1299
