0.2303
0.2303
0.2303
0.2303
0.2303
0.2303
0.2303
0.2303
0.2303
0.2303
0.2303
0.2303
0.2303
0.2303
0.2303
0.2303
0.2303
0.2303
0.2303
0.2303
0.2303
0.2303
0.2303
0.2303
0.2303
0.2303
0.2303
0.3021
0.3021
0.3021
0.3021
0.3021
0.3021
0.3021
0.3021
0.3021
0.3021
0.3021
0.3021
0.3021
0.3021
0.3021
0.3021
0.3021
0.3021
0.3021
0.3021
0.3021
0.3021
0.3021
0.3021
0.3021
0.3021
0.3021
0.3021
0.3021
0.2055
0.2055
0.2055
0.2055
0.2055
0.2055
0.2055
0.2055
0.2055
0.2055
0.2055
0.2055
0.2055
0.2055
0.2055
0.2055
0.2868
0.2868
0.2868
0.2868
0.2868
0.2868
0.2868
0.2868
0.2868
0.2868
0.2868
0.2868
0.2868
0.2868
0.2868
0.2868
0.2868
0.2868
0.2485
0.2485
0.2485
0.2485
0.2485
0.2485
0.2485
0.2485
0.2485
0.2485
0.2485
0.2485
0.2485
0.2485
0.2485
0.2485
0.2485
0.2485
0.2485
0.2485
0.2485
0.2485
0.2485
0.2485
0.2485
0.3903
0.3903
0.3903
0.3903
0.3903
0.3903
0.3903
0.3903
0.3903
0.3903
0.3903
0.3903
0.3903
0.3903
0.3903
0.3903
0.3903
0.3903
0.3903
0.3903
0.3903
0.3903
0.3903
0.3903
0.3903
0.3903
0.3903
0.3903
0.3903
0.3903
0.1167
0.1167
0.1167
0.1167
0.1167
0.1167
0.1167
0.1167
0.1167
0.1167
0.1167
0.1167
0.1167
0.1167
0.1167
0.1167
0.1167
0.1167
0.1167
0.1167
0.1167
0.1167
0.2156
0.2156
0.2156
0.2156
0.2156
0.2156
0.2156
0.2156
0.2156
0.2156
0.2156
0.2156
0.2156
0.2156
0.2156
0.2156
0.2156
0.2156
0.2156
0.2156
0.2156
0.2156
0.2156
0.2156
0.2156
0.2156
0.2156
0.2156
0.2156
0.2156
0.2156
0.2156
0.2156
0.1407
0.1407
0.1407
0.1407
0.1407
0.1407
0.1407
0.1407
0.1407
0.1407
0.1407
0.1407
0.1407
0.1407
0.1407
0.1407
0.1407
0.1407
0.1407
0.1407
0.1407
0.1407
0.1407
0.187
0.187
0.187
0.187
0.187
0.187
0.187
0.187
0.187
0.187
0.187
0.187
0.187
0.187
0.187
0.187
0.187
0.187
0.187
0.187
0.187
0.187
0.187
0.187
0.187
0.187
0.187
0.2506
0.2506
0.2506
0.2506
0.2506
0.2506
0.2506
0.2506
0.2506
0.2506
0.2506
0.2506
0.2506
0.2506
0.2506
0.2396
0.2396
0.2396
0.2396
0.2396
0.2396
0.2396
0.2396
0.2396
0.2396
0.2396
0.2396
0.2396
0.2396
0.2396
0.2396
0.2396
0.2396
0.2396
0.2396
0.2396
0.2396
0.2396
0.2396
0.2396
0.2396
0.2396
0.2396
0.2396
0.2396
0.2469
0.2469
0.2469
0.2469
0.2469
0.2469
0.2469
0.2469
0.2469
0.2469
0.2469
0.2469
0.2469
0.2469
0
0
0
0
0
0
0
0
0
0
0
0
0
0
0.2157
0.2157
0.2157
0.2157
0.2157
0.2157
0.2157
0.2157
0.2157
0.2157
0.2157
0.2157
0.2157
0.0465
0.0465
0.0465
0.0465
0.0465
0.0465
0.0465
0.0465
0.0465
0.0465
0.0465
0.0465
0.0465
0.0465
0.0465
0.0465
0.0465
0.0465
0.0465
0.0465
0.0465
0.0465
0.0465
0.0465
0.3883
0.3883
0.3883
0.3883
0.3883
0.3883
0.3883
0.3883
0.3883
0.3883
0.3883
0.3883
0.3883
0.3883
0.3883
0.6922
0.6922
0.6922
0.6922
0.6922
0.6922
0.6922
0.6922
0.6922
0.6922
0.6922
0.6922
0.6922
0.6922
0.6922
0.6922
0.6922
0.558
0.558
0.558
0.558
0.558
0.558
0.558
0.558
0.558
0.558
0.558
0.558
0.558
0.558
0.558
0.558
0.558
0.558
0.558
0.558
0.1496
0.1496
0.1496
0.1496
0.1496
0.1496
0.1496
0.1496
0.1496
0.1496
0.1496
0.1496
0.1496
0.1496
0.1496
0.1496
0.1496
0.1496
0.1496
0.1496
0.1201
0.1201
0.1201
0.1201
0.1201
0.1201
0.1201
0.1201
0.1201
0.1201
0.1201
0.3429
0.3429
0.3429
0.3429
0.3429
0.3429
0.3429
0.3429
0.3429
0.3429
0.3429
0.3429
0.3429
0.3429
0.3429
0.3429
0.3429
0.3429
0.3429
0.3429
0.2516
0.2516
0.2516
0.2516
0.2516
0.2516
0.2516
0.2516
0.2516
0.2516
0.2516
0.2516
0.2516
0.2516
0.2516
0.2516
0.2516
0.2397
0.2397
0.2397
0.2397
0.2397
0.2397
0.2397
0.2397
0.2397
0.2397
0.2397
0.2397
0.2397
0.2397
0.2397
0.2397
0.2397
0.2397
0.2397
0.2397
0.0436
0.0436
0.0436
0.0436
0.0436
0.0436
0.0436
0.0436
0.0436
0.0436
0.0436
0.0436
0.0436
0.0436
0.0436
0.0436
0.0436
0.0436
0.0436
0.0436
0.0436
0.0436
0.0436
0.0436
0.0436
0.0436
0.0436
0.0436
0.0436
0.0436
0.0436
0.0436
0.0436
0.0436
0.0436
0.0436
0.0436
0.0436
0.0436
0.0436
0.0436
0.0436
0.0436
0.0436
0.0436
0.0436
0.0436
0.0436
0.0436
0.0436
0.0436
0.0436
0.0436
0.0436
0.0436
0.0436
0.0436
0.0436
0.0436
0.0436
0.0436
0.0436
0.0436
0.0436
0.0436
0.0436
0.0436
0.0436
0.0436
0.0436
0.0436
0.0436
0.0436
0.0436
0.0436
0.0436
0.0436
0.0436
0.0436
0.0436
0.0436
0.0436
0.0436
0.0436
0.0436
0.1392
0.1797
0.1797
0.1797
0.1797
0.1797
0.1797
0.1797
0.1797
0.1797
0.1797
0.1797
0.1797
0.1797
0.1797
0.1797
0.1797
0.1797
0.1797
0.1797
0.1797
0.1797
0.1797
0.1797
0.1797
0.1797
0.1797
0.1797
0.1797
0.1797
0.1797
0.1797
0.1797
0.1797
0.1797
0.1797
0.1797
0.1797
0.1797
0.1797
0.1797
0.1797
0.1797
0.1797
0.1797
0.1797
0.1797
0.1797
0.1797
0.1797
0.1797
0.1797
0.1797
0.1797
0.1797
0.1797
0.1797
0.1797
0.1797
0.1797
0.1797
0.1797
0.1797
0.1797
0.1797
0.1797
0.1797
0.1797
0.1797
0.1797
0.1797
0.1797
0.1797
0.1797
0.1797
0.1797
0.1797
0.1797
0.1797
0.1797
0.1797
0.1797
0.1797
0.1797
0.1797
0.1797
0.1797
0.1797
0.1797
0.1797
0.1797
0.1797
0.1797
0.1797
0.047
0.047
0.047
0.047
0.047
0.047
0.047
0.047
0.047
0.047
0.047
0.047
0.047
0.047
0.047
0.047
0.047
0.047
0.047
0.047
0.047
0.047
0.047
0.047
0.047
0.047
0.047
0.047
0.047
0.047
0.047
0.047
0.047
0.047
0.047
0.047
0.047
0.047
0.047
0.047
0.047
0.047
0.047
0.047
0.047
0.047
0.047
0.047
0.047
0.047
0.047
0.047
0.047
0.047
0.047
0.047
0.047
0.047
0.047
0.047
0.047
0.047
0.047
0.047
0.047
0.047
0.047
0.047
0.047
0.047
0.047
0.047
0.047
0.047
0.047
0.047
0.047
0.047
0.047
0.047
0.047
0.047
0.047
0.047
0.047
0.047
0.047
0.047
0.047
0.047
0.047
0.047
0.047
0.047
0.047
0.047
0.047
0.047
0.047
0.047
0.047
0.047
0.047
0.047
0.047
0.047
0.047
0.047
0.047
0.047
0.047
0.1392
0.1392
0.1392
0.1392
0.1392
0.1392
0.1392
0.1392
0.1392
0.1392
0.1392
0.1392
0.1392
0.1392
0.1392
0.1392
0.1392
0.1392
0.1392
0.1392
0.1392
0.1392
0.1392
0.1392
0.1392
0.1392
0.1392
0.1392
0.1392
0.1392
0.1392
0.1392
0.1392
0.1392
0.1392
0.1392
0.1392
0.1392
0.1392
0.1392
0.1392
0.1392
0.1392
0.1392
0.1392
0.1392
0.1392
0.1392
0.1392
0.1392
0.1392
0.1392
0.1392
0.1392
0.1392
0.1392
0.1392
0.1392
0.1392
0.1392
0.1392
0.1392
0.1392
0.1392
0.1392
0.1392
0.1392
0.1373
0.1373
0.1373
0.1373
0.1373
0.1373
0.1373
0.1373
0.1373
0.1373
0.1373
0.1373
0.1373
0.1373
0.1373
0.1373
0.1373
0.1373
0.1373
0.1373
0.1373
0.1373
0.1373
0.1373
0.1373
0.1373
0.1373
0.1373
0.1373
0.1373
0.1373
0.1373
0.1373
0.1373
0.1373
0.1373
0.1373
0.1373
0.1373
0.1373
0.1373
0.1373
0.1373
0.1373
0.1373
0.1373
0.1373
0.1373
0.1373
0.1373
0.1373
0.1373
0.1373
0.1373
0.1373
0.1373
0.1373
0.1373
0.1373
0.1373
0.1373
0.1373
0.1373
0.1373
0.1373
0.0634
0.0634
0.0634
0.0634
0.0634
0.0634
0.0634
0.0634
0.0634
0.0634
0.0634
0.0634
0.0634
0.0634
0.0634
0.0634
0.0634
0.0634
0.0634
0.0634
0.0634
0.0634
0.0634
0.0634
0.0634
0.0634
0.0634
0.0634
0.0634
0.0634
0.0634
0.0634
0.0634
0.0634
0.0634
0.0634
0.0634
0.0634
0.0634
0.0634
0.0634
0.0634
0.0634
0.0634
0.0634
0.0634
0.0634
0.0634
0.0634
0.0634
0.0634
0.0634
0.0634
0.0634
0.0634
0.0634
0.0634
0.0634
0.0634
0.0634
0.0634
0.0634
0.0634
0.0634
0.0634
0.0634
0.0634
0.0634
0.0634
0.0634
0.0634
0.0634
0.0634
0.0634
0.0634
0.0634
0.0634
0.0634
0.034
0.0589
0.0449
0.0449
0.0449
0.0432
0.0432
0.0432
0.0518
0.0472
0.0472
0.0472
0.0518
0.0518
0.0417
0.0417
0.0417
0.0589
0.0589
0.0452
0.0452
0.0452
0.0386
0.1127
0.1127
0.1127
0.0386
0.0386
0.0481
0.0481
0.0481
0.0481
0.0481
0.0355
0.0355
0.0355
0.0714
0.0714
0.0714
0.0486
0.0486
0.0486
0.033
0.033
0.033
0.0858
0.0858
0.0858
0.0507
0.0507
0.0507
0.0612
0.0612
0.0612
0.0543
0.0543
0.0543
0.0535
0.0535
0.0535
0.0876
0.0876
0.0876
0.0484
0.0484
0.0484
0.0484
0.0484
0.0477
0.0407
0.0407
0.0407
0.0477
0.0477
0.0373
0.0772
0.0772
0.0772
0.0373
0.0373
0.0373
0.0423
0.0423
0.0423
0.0382
0.1192
0.1192
0.1192
0.0382
0.0382
0.0596
0.0596
0.0596
0.0596
0.0596
0.0763
0.0763
0.0763
0.0452
0.0452
0.0452
0.0667
0.0667
0.0667
0.0453
0.0453
0.0453
0.0502
0.0502
0.0502
0.0416
0.0416
0.0416
0.0358
0.0358
0.0358
0.044
0.044
0.044
0.044
0.0591
0.0591
0.0591
0.0663
0.0663
0.0663
0.0496
0.0496
0.0496
0.0325
0.0325
0.0325
0.055
0.055
0.055
0.055
0.055
0.055
0.055
0.0681
0.0681
0.0681
0.058
0.058
0.058
0.0516
0.0516
0.0516
0.0319
0.0319
0.0319
0.0319
0.0707
0.0707
0.0707
0.05
0.05
0.05
0.034
0.034
0.7846
0.7846
0.7846
0.0652
0.0652
0.0652
0.0588
0.0688
0.0688
0.0688
0.0588
0.0588
0.065
0.065
0.065
0.0463
0.0463
0.0463
0.0463
0.0427
0.0427
0.0427
0.0403
0.0403
0.0403
0.0403
0.0403
0.0682
0.0682
0.0682
0.0467
0.0467
0.0467
0.0456
0.0456
0.0456
0.0507
0.0523
0.0523
0.0523
0.0418
0.0418
0.0418
0.0507
0.0507
0.0399
0.0399
0.0399
0.0438
0.0438
0.0438
0.0728
0.0728
0.0728
0.0878
0.0878
0.0878
0.0344
0.0344
0.0344
0.0344
0.0344
0.0469
0.0469
0.0469
0.0471
0.0471
0.0471
0.0466
0.0466
0.0466
0.0507
0.0507
0.0507
0.0468
0.0468
0.0468
0.064
0.064
0.064
0.0479
0.0479
0.0479
0.0297
0.0297
0.0297
0.1645
0.1645
0.1645
0.0941
0.0941
0.0941
0.0503
0.0503
0.0503
0.053
0.053
0.053
0.0348
0.0348
0.0348
0.0348
0.0348
0.0474
0.0474
0.0474
0.0567
0.0567
0.0567
0.0474
0.0474
0.0474
0.0443
0.0443
0.0443
0.0559
0.0559
0.0559
0.0579
0.0579
0.0579
0.0528
0.0528
0.0528
0.0957
0.0957
0.0957
0.046
0.046
0.046
0.0639
0.0305
0.0305
0.0305
0.05
0.05
0.05
0.1118
0.1118
0.0648
0.0648
0.0639
0.0639
0.0365
0.0365
0.0521
0.0521
0.0521
0.0455
0.0455
0.0481
0.0481
0.0608
0.0608
0.0565
0.0565
0.0633
0.0633
0.0489
0.0489
0.0411
0.0411
0.0584
0.0584
0.0622
0.0622
0.0737
0.0737
0.0348
0.0348
0.0373
0.0373
0.0456
0.0456
0.0444
0.0444
0.0444
0.0386
0.0389
0.0389
0.0386
0.0715
0.0715
0.0547
0.0547
0.0517
0.0517
0.0644
0.0644
0.0363
0.0363
0.0539
0.0539
0.1472
0.1472
0.0437
0.0437
0.0437
0.1028
0.1028
0.0445
0.0517
0.0517
0.0443
0.0443
0.0447
0.0447
0.0447
0.0445
0.0445
0.0504
0.0601
0.0601
0.0601
0.0612
0.0612
0.0612
0.043
0.043
0.0504
0.0564
0.0564
0.0564
0.0648
0.0648
0.1028
0.1028
0.0487
0.0487
0.054
0.054
0.0519
0.0519
0.0488
0.0488
0.0483
0.0483
0.0547
0.0547
0.0445
0.1372
0.1372
0.0472
0.0472
0.0445
0.0789
0.0789
0.0789
0.1271
0.1271
0.0485
0.0485
0.0485
0.0473
0.0473
0.041
0.041
0.0302
0.0302
0.0293
0.0293
0.0293
0.1272
0.1272
0.0603
0.0603
0.0603
0.0504
0.0504
0.0396
0.061
0.061
0.0396
0.0459
0.0459
0.0623
0.0623
0.0623
0.0623
0.0352
0.036
0.036
0.0352
0.0467
0.0467
0.0467
0.0353
0.0353
0.0757
0.0757
0.0541
0.0488
0.0488
0.0488
0.0442
0.0442
0.0442
0.0541
0.0541
0.0492
0.0492
0.05
0.05
0.0651
0.0651
0.0513
0.0513
0.0263
0.0263
0.0534
0.0534
0.0429
0.0429
0.0686
0.0686
0.0793
0.0793
0.0793
0.0553
0.0497
0.0497
0.0553
0.0508
0.0508
0.0508
0.0475
0.0475
0.1401
0.1401
0.0485
0.0485
0.0485
0.0439
0.0439
0.0439
0.0439
0.0462
0.0462
0.0617
0.0617
0.0543
0.0543
0.0543
0.0543
0.0543
0.0543
0.0543
0.0543
0.0543
0.0543
0.0543
0.0543
0.0543
0.0543
0.0543
0.0543
0.0543
0.0543
0.0543
0.0543
0.0543
0.0543
0.0543
0.0543
0.0543
0.0543
0.0543
0.0543
0.0543
0.0543
0.0543
0.0543
0.0543
0.0543
0.0543
0.0543
0.0543
0.0543
0.0543
0.0543
0.0543
0.0543
0.0543
0.0543
0.0543
0.0543
0.0543
0.0543
0.0543
0.0543
0.0543
0.0543
0.0543
0.0543
0.0543
0.0543
0.0543
0.0543
0.0543
0.0543
0.0543
0.0543
0.0543
0.0543
0.0543
0.0543
0.0543
0.0543
0.0543
0.0543
0.0543
0.0543
0.0543
0.0543
0.0543
0.0543
0.0543
0.0543
0.0543
0.0543
0.0543
0.0543
0.0543
0.0543
0.0543
0.0543
0.0543
0.0543
0.0543
0.0543
0.0543
0.0543
0.0543
0.0543
0.0543
0.0543
0.0543
0.0543
0.0543
0.0543
0.0543
0.0543
0.0543
0.0543
0.0543
0.0543
0.0543
0.0543
0.0543
0.0543
0.0543
0.0543
0.0543
0.0543
0.0543
0.0543
0.0543
0.0543
0.0543
0.0543
0.0543
0.0543
0.0543
0.0543
0.0543
0.0543
0.0543
0.0543
0.0543
0.0543
0.0543
0.0543
0.0543
0.0543
0.0543
0.0543
0.0543
0.0543
0.0543
0.0543
0.0543
0.0543
0.0543
0.0543
0.0543
0.0543
0.0543
0.0543
0.0543
0.0543
0.0543
0.0543
0.0543
0.0543
0.0543
0.0543
0.0543
0.0543
0.0543
0.0543
0.0543
0.0543
0.0543
0.0543
0.0543
0.0543
0.0543
0.0543
0.0543
0.0543
0.0543
0.0543
0.0543
0.0543
0.0543
0.0543
0.0543
0.0543
0.0543
0.0543
0.0543
0.0543
0.0543
0.0543
0.0543
0.0543
0.0543
0.0543
0.0543
0.0543
0.0543
0.0543
0.0543
0.0543
0.0543
0.0543
0.0543
0.0543
0.0543
0.0543
0.0543
0.0543
0.0543
0.0543
0.0543
0.0543
0.0543
0.0543
0.0543
0.0543
0.0543
0.0543
0.0543
0.0543
0.0543
0.0543
0.0543
0.0543
0.0543
0.0543
0.0543
0.0543
0.0543
0.0543
0.0543
0.0543
0.0543
0.0543
0.0543
0.0543
0.0543
0.0543
0.0543
0.0543
0.0543
0.0543
0.0543
0.0543
0.0543
0.0543
0.0543
0.0543
0.0543
0.0543
0.0543
0.0543
0.0543
0.0543
0.0543
0.0543
0.0543
0.0543
0.0543
0.0543
0.0543
0.0543
0.0543
0.0543
0.0543
0.0543
0.0543
0.0543
0.0543
0.0543
0.0543
0.0543
0.0543
0.0543
0.0543
0.0543
0.0543
0.0543
0.0543
0.0543
0.0543
0.0543
0.0543
0.0543
0.0543
0.0543
0.0543
0.0543
0.0543
0.0543
0.0543
0.0543
0.0543
0.0543
0.0543
0.0543
0.0543
0.0543
0.0543
0.0543
0.0543
0.0543
0.0543
0.0543
0.0543
0.0543
0.0543
0.0543
0.0543
0.0543
0.0543
0.0543
0.0543
0.0543
0.0543
0.0543
0.0543
0.0543
0.0543
0.0543
0.0543
0.0543
0.0543
0.0543
0.0543
0.0543
0.0543
0.0543
0.0543
0.0543
0.0543
0.0543
0.0543
0.0543
0.0543
0.0543
0.0543
0.0543
0.0543
0.0543
0.0543
0.0543
0.0543
0.0543
0.0543
0.0543
0.0543
0.0543
0.0543
0.0543
0.0543
0.0543
0.0543
0.0543
0.0543
0.0543
0.0543
0.0543
0.0543
0.0543
0.0543
0.0543
0.0543
0.0543
0.0543
0.0543
0.0543
0.0543
0.0543
0.0543
0.0543
0.0543
0.0543
0.0543
0.0543
0.0543
0.0543
0.0543
0.0543
0.0543
0.0543
0.0543
0.0543
0.0543
0.0543
0.0543
0.0543
0.0543
0.0543
0.0543
0.0543
0.0543
0.0543
0.0543
0.0543
0.0543
0.0543
0.0543
0.0543
0.0543
0.0543
0.0543
0.0543
0.0543
0.0543
0.0543
0.0543
0.0543
0.0543
0.0543
0.0543
0.0543
0.0543
0.0543
0.0543
0.0543
0.0543
0.0543
0.0543
0.0543
0.0543
0.0543
0.0543
0.0543
0.0543
0.0543
0.0543
0.0543
0.0543
0.0543
0.0543
0.0543
0.0543
0.0543
0.0543
0.0543
0.0543
0.0543
0.0543
0.0543
0.0543
0.0543
0.0543
0.0543
0.0543
0.0543
0.0543
0.0543
0.0543
0.0543
0.0543
0.0543
0.0543
0.0543
0.0543
0.0543
0.0543
0.0543
0.0543
0.0543
0.0543
0.0543
0.0543
0.0543
0.0543
0.0543
0.0543
0.0543
0.0543
0.0543
0.0543
0.0543
0.0543
0.0543
0.0543
0.0543
0.0543
0.0543
0.0543
0.0543
0.0543
0.0543
0.0543
0.0543
0.0543
0.0543
0.0543
0.0543
0.0543
0.0543
0.0543
0.0543
0.0543
0.0543
0.0543
0.0543
0.0543
0.0543
0.0543
0.0543
0.0543
0.0543
0.0543
0.0543
0.0543
0.0543
0.0456
0.0456
0.0456
0.0432
0.0744
0.0744
0.0744
0.0432
0.0432
0.0432
0.0432
0.0432
0.0432
0.0497
0.0497
0.0497
0.0497
0.0497
0.0497
0.0497
0.0702
0.0702
0.0702
0.0381
0.0381
0.0381
0.0381
0.0445
0.0445
0.0445
0.0445
0.0685
0.0685
0.0685
0.0532
0.0532
0.0532
0.0532
0.0532
0.0542
0.0525
0.0525
0.0525
0.0525
0.0525
0.0525
0.0542
0.0542
0.0574
0.0574
0.0574
0.0574
0.0574
0.0574
0.0518
0.0518
0.0518
0.0506
0.0506
0.0506
0.0424
0.0424
0.0424
0.0424
0.0424
0.08
0.0583
0.0583
0.0583
0.0386
0.0386
0.0386
0.0486
0.0486
0.0486
0.0639
0.0639
0.0639
0.08
0.08
0.08
0.08
0.0754
0.0754
0.0754
0.0754
0.0754
0.038
0.0368
0.0368
0.0368
0.038
0.038
0.0497
0.0497
0.0497
0.0497
0.0497
0.0439
0.0439
0.0439
0.0462
0.0462
0.0462
0.0763
0.0763
0.0763
0.0763
0.0763
0.0763
0.0387
0.0387
0.0387
0.0387
0.0387
0.0624
0.0624
0.0624
0.0624
0.0624
0.0537
0.0537
0.0537
0.0537
0.0448
0.0448
0.0448
0.0559
0.0559
0.0559
0.0457
0.0457
0.0457
0.0456
0.0456
0.0456
0.0456
0.048
0.048
0.048
0.048
0.0702
0.0702
0.0702
0.0444
0.0444
0.0444
0.0444
0.0444
0.0473
0.0473
0.0473
0.051
0.051
0.051
0.0425
0.0425
0.0425
0.0437
0.0437
0.0437
0.0443
0.0276
0.0276
0.0276
0.0276
0.0276
0.0481
0.0481
0.0481
0.0624
0.0624
0.0624
0.0443
0.0443
0.0451
0.0451
0.0451
0.0366
0.0366
0.0366
0.0366
0.0366
0.0366
0.0643
0.0643
0.0643
0.1714
0.1714
0.1714
0.0551
0.0551
0.0551
0.0551
0.0551
0.0551
0.0351
0.0351
0.0351
0.0351
0.0478
0.0478
0.0478
0.0478
0.0478
0.047
0.047
0.047
0.047
0.047
0.0493
0.0493
0.0493
0.0493
0.0493
0.0483
0.0483
0.0483
0.0422
0.0422
0.0422
0.0422
0.0422
0.0422
0.0422
0.0469
0.0469
0.0469
0.0489
0.0489
0.0489
0.0489
0.0363
0.0363
0.0363
0.0363
0.0478
0.0478
0.0478
0.0478
0.0478
0.0599
0.0599
0.0599
0.0599
0.0599
0.0349
0.0349
0.0349
0.0552
0.0552
0.0552
0.0846
0.0846
0.0846
0.0846
0.0397
0.0444
0.0444
0.0444
0.0397
0.0397
0.0657
0.0657
0.0657
0.0902
0.0902
0.0902
0.0517
0.0517
0.0517
0.0361
0.0361
0.0361
0.054
0.0468
0.0468
0.0468
0.0466
0.0466
0.0466
0.054
0.054
0.054
0.0706
0.0706
0.0706
0.0706
0.0499
0.0499
0.0499
0.1089
0.1089
0.1089
0.0453
0.0453
0.0453
0.0453
0.0453
0.0555
0.0555
0.0555
0.0555
0.0461
0.0461
0.0461
0.0461
0.0472
0.0472
0.0954
0.0954
0.0345
0.0345
0.1166
0.1166
0.0524
0.0438
0.0438
0.0438
0.0524
0.0683
0.0592
0.0592
0.0592
0.0592
0.1028
0.1028
0.0522
0.0522
0.0683
0.0683
0.0656
0.0656
0.0656
0.0506
0.0506
0.058
0.058
0.058
0.058
0.0446
0.0446
0.0446
0.0446
0.0443
0.0443
0.0443
0.0443
0.0713
0.0713
0.0529
0.0585
0.0585
0.0318
0.0318
0.0403
0.0403
0.1016
0.1016
0.1016
0.0417
0.0417
0.0529
0.0662
0.0662
0.0976
0.0976
0.0505
0.0505
0.0505
0.0629
0.0629
0.0629
0.0549
0.0549
0.1009
0.1009
0.1009
0.1009
0.1009
0.0512
0.0655
0.0655
0.0512
0.0605
0.038
0.038
0.038
0.042
0.042
0.0426
0.0426
0.0605
0.0605
0.0377
0.0457
0.0457
0.0377
0.0759
0.0759
0.049
0.049
0.0484
0.0484
0.0637
0.0637
0.0748
0.0748
0.0748
0.0817
0.0817
0.0463
0.0432
0.0432
0.0432
0.0463
0.0383
0.0383
0.0804
0.0513
0.0513
0.0468
0.0468
0.0804
0.0584
0.0584
0.0356
0.0356
0.0504
0.0528
0.0528
0.0528
0.0504
0.073
0.073
0.073
0.0556
0.0556
0.0538
0.0538
0.0538
0.0342
0.0342
0.0342
0.0462
0.0462
0.0519
0.0519
0.0519
0.0522
0.0522
0.0522
0.0505
0.0505
0.0449
0.0449
0.0323
0.0323
0.0323
0.0727
0.0727
0.0799
0.0799
0.0799
0.0799
0.0429
0.1262
0.1262
0.1262
0.0429
0.0358
0.0358
0.0358
0.0556
0.0556
0.0556
0.0556
0.0515
0.0526
0.0526
0.0515
0.0566
0.0566
0.0396
0.0396
0.039
0.039
0.0587
0.0587
0.0587
0.0616
0.0616
0.0616
0.0545
0.0545
0.0545
0.0545
0.0404
0.0404
0.0404
0.0697
0.0697
0.0697
0.0697
0.0697
0.0697
0.0697
0.0697
0.0697
0.0697
0.0697
0.0697
0.0697
0.0697
0.0697
0.0697
0.0697
0.0697
0.0697
0.0697
0.0697
0.0697
0.0697
0.0697
0.0697
0.0697
0.0697
0.0697
0.0697
0.0697
0.0697
0.0697
0.0697
0.0697
0.0697
0.0697
0.0697
0.0697
0.0697
0.0697
0.0697
0.0697
0.0697
0.0697
0.0697
0.0697
0.0697
0.0697
0.0697
0.0697
0.0697
0.0697
0.0697
0.0697
0.0697
0.0697
0.0697
0.0697
0.0697
0.0697
0.0697
0.0697
0.0697
0.0697
0.0697
0.0697
0.0697
0.0697
0.1542
0.1542
0.1542
0.1542
0.1542
0.1542
0.1542
0.1542
0.1542
0.1542
0.1542
0.1542
0.1542
0.1542
0.1542
0.1542
0.1542
0.1542
0.1542
0.1542
0.1542
0.1542
0.1542
0.1542
0.1542
0.1542
0.1542
0.1542
0.1542
0.1542
0.1542
0.1542
0.1542
0.1542
0.1542
0.1542
0.1542
0.1542
0.1542
0.1542
0.1542
0.1542
0.1542
0.1542
0.1542
0.1542
0.1542
0.1542
0.1542
0.1542
0.1542
0.1542
0.1542
0.1542
0.1542
0.1542
0.1542
0.1542
0.1542
0.1542
0.1542
0.1542
0.1542
0.1542
0.1542
0.1542
0.1542
0.1542
0.1542
0.1542
0.1542
0.1542
0.1542
0.1542
0.1542
0.1542
0.1542
0.1542
0.1542
0.1542
0.1542
0.1542
0.1542
0.1542
0.1542
0.1542
0.1542
0.1542
0.1542
0.1542
0.1542
0.1542
0.1542
0.1542
0.1542
0.1542
0.1542
0.1542
0.1542
0.0508
0.0508
0.0508
0.0508
0.0508
0.0508
0.0508
0.0508
0.0508
0.0508
0.0508
0.0508
0.0508
0.0508
0.0508
0.0508
0.0508
0.0508
0.0508
0.0508
0.0508
0.0508
0.0508
0.0508
0.0508
0.0508
0.0508
0.0508
0.0508
0.0508
0.0508
0.0508
0.0508
0.0508
0.0508
0.0508
0.0508
0.0508
0.0508
0.0508
0.0508
0.0508
0.0508
0.0508
0.0508
0.0508
0.0508
0.0508
0.0508
0.0508
0.0508
0.0508
0.0508
0.0508
0.0508
0.0508
0.0508
0.0508
0.0508
0.0508
0.0508
0.0508
0.0508
0.0508
0.0508
0.0508
0.0508
0.0508
0.0508
0.0508
0.0508
0.0508
0.0508
0.0508
0.0508
0.0508
0.0508
0.0508
0.0508
0.0508
0.0508
0.0508
0.0508
0.0508
0.0508
0.0508
0.0508
0.0508
0.0508
0.0508
0.0508
0.0508
0.0508
0.0508
0.0508
0.0508
0.0508
0.0508
0.0508
0.0508
0.0508
0.0508
0.0508
0.0508
0.0508
0.0508
0.0525
0.0525
0.0525
0.0525
0.0525
0.0525
0.0525
0.0525
0.0525
0.0525
0.0525
0.0525
0.0525
0.0525
0.0525
0.0525
0.0525
0.0525
0.0525
0.0525
0.0525
0.0525
0.0525
0.0525
0.0525
0.0525
0.0525
0.0525
0.0525
0.0525
0.0525
0.0525
0.0525
0.0525
0.0525
0.0525
0.0525
0.0525
0.0525
0.0525
0.0525
0.0525
0.0525
0.0525
0.0525
0.0525
0.0525
0.0525
0.0525
0.0525
0.0525
0.0525
0.0525
0.0525
0.0525
0.0525
0.0525
0.0525
0.0525
0.0525
0.0525
0.0525
0.0525
0.0525
0.0525
0.0525
0.0525
0.0525
0.0525
0.0525
0.0525
0.0525
0.0525
0.0525
0.0525
0.0525
0.0525
0.0525
0.0525
0.0525
0.0525
0.0525
0.0525
0.105
0.105
0.105
0.105
0.105
0.105
0.105
0.105
0.105
0.105
0.105
0.105
0.105
0.105
0.105
0.105
0.105
0.105
0.105
0.105
0.105
0.105
0.105
0.105
0.105
0.105
0.105
0.105
0.105
0.105
0.105
0.105
0.105
0.105
0.105
0.105
0.105
0.105
0.105
0.105
0.105
0.105
0.105
0.105
0.105
0.105
0.105
0.105
0.105
0.105
0.105
0.105
0.105
0.105
0.105
0.105
0.105
0.105
0.105
0.105
0.105
0.105
0.105
0.105
0.105
0.105
0.105
0.105
0.105
0.105
0.105
0.105
0.105
0.105
0.105
0.105
0.0533
0.0533
0.0533
0.0533
0.0533
0.0533
0.0533
0.0533
0.0533
0.0533
0.0533
0.0533
0.0533
0.0533
0.0533
0.0533
0.0533
0.0533
0.0533
0.0533
0.0533
0.0533
0.0533
0.0533
0.0533
0.0533
0.0533
0.0533
0.0533
0.0533
0.0533
0.0533
0.0533
0.0533
0.0533
0.0533
0.0533
0.0533
0.0533
0.0533
0.0533
0.0533
0.0533
0.0533
0.0533
0.0533
0.0533
0.0533
0.0533
0.0533
0.0533
0.0533
0.0533
0.0533
0.0533
0.0533
0.0533
0.0533
0.0533
0.0533
0.0533
0.0533
0.0533
0.0533
0.0533
0.0533
0.0533
0.0533
0.5022
0.5022
0.5022
0.5022
0.5022
0.5022
0.5022
0.5022
0.5022
0.5022
0.5022
0.5022
0.5022
0.5022
0.5022
0.5022
0.5022
0.5022
0.5022
0.5022
0.5022
0.5022
0.5022
0.5022
0.5022
0.5022
0.5022
0.5022
0.5022
0.5022
0.5022
0.5022
0.5022
0.5022
0.5022
0.5022
0.5022
0.5022
0.5022
0.5022
0.5022
0.5022
0.5022
0.5022
0.5022
0.5022
0.5022
0.5022
0.5022
0.5022
0.5022
0.5022
0.5022
0.5022
0.5022
0.5022
0.5022
0.5022
0.5022
0.5022
0.5022
0.5022
0.5022
0.5022
0.5022
0.5022
0.5748
0.5748
0.5748
0.5748
0.5748
0.5748
0.5748
0.5748
0.5748
0.5748
0.5748
0.5748
0.5748
0.5748
0.5748
0.5748
0.5748
0.5748
0.5748
0.5748
0.5748
0.5748
0.5748
0.5748
0.5748
0.5748
0.5748
0.5748
0.5748
0.5748
0.5748
0.5748
0.5748
0.5748
0.5748
0.5748
0.5748
0.5748
0.5748
0.5748
0.5748
0.5748
0.5748
0.5748
0.5748
0.5748
0.5748
0.5748
0.5748
0.5748
0.5748
0.5748
0.5748
0.5748
0.5748
0.5748
0.5748
0.5748
0.5748
0.5748
0.624
0.624
0.624
0.624
0.624
0.624
0.624
0.624
0.624
0.624
0.624
0.624
0.624
0.624
0.624
0.624
0.624
0.624
0.624
0.624
0.624
0.624
0.624
0.624
0.624
0.624
0.624
0.624
0.624
0.624
0.624
0.624
0.624
0.624
0.624
0.624
0.624
0.624
0.624
0.624
0.624
0.624
0.624
0.624
0.624
0.624
0.624
0.624
0.624
0.624
0.624
0.624
0.624
0.624
0.624
0.624
0.624
0.624
0.624
0.624
0.5329
0.5329
0.5329
0.5329
0.5329
0.5329
0.5329
0.5329
0.5329
0.5329
0.5329
0.5329
0.5329
0.5329
0.5329
0.5329
0.5329
0.5329
0.5329
0.5329
0.5329
0.5329
0.5329
0.5329
0.5329
0.5329
0.5329
0.5329
0.5329
0.5329
0.5329
0.5329
0.5329
0.5329
0.5329
0.5329
0.5329
0.5329
0.5329
0.5329
0.5329
0.5329
0.5329
0.5329
0.5329
0.5329
0.5329
0.5329
0.5329
0.5329
0.5329
0.5329
0.5329
0.5329
0.5329
0.5329
0.5329
0.5329
0.561
0.561
0.561
0.561
0.561
0.561
0.561
0.561
0.561
0.561
0.561
0.561
0.561
0.561
0.561
0.561
0.561
0.561
0.561
0.561
0.561
0.561
0.561
0.561
0.561
0.561
0.561
0.561
0.561
0.561
0.561
0.561
0.561
0.561
0.561
0.561
0.561
0.561
0.561
0.561
0.561
0.561
0.561
0.561
0.561
0.561
0.561
0.561
0.561
0.561
0.561
0.561
0.561
0.561
0.561
0.561
0.561
0.561
0.561
0.561
0.6356
0.6356
0.6356
0.6356
0.6356
0.6356
0.6356
0.6356
0.6356
0.6356
0.6356
0.6356
0.6356
0.6356
0.6356
0.6356
0.6356
0.6356
0.6356
0.6356
0.6356
0.6356
0.6356
0.6356
0.6356
0.6356
0.6356
0.6356
0.6356
0.6356
0.6356
0.6356
0.6356
0.6356
0.6356
0.6356
0.6356
0.6356
0.6356
0.6356
0.6356
0.6356
0.6356
0.6356
0.6356
0.6356
0.6356
0.6356
0.6226
0.6226
0.6226
0.6226
0.6226
0.6226
0.6226
0.6226
0.6226
0.6226
0.6226
0.6226
0.6226
0.6226
0.6226
0.6226
0.6226
0.6226
0.6226
0.6226
0.6226
0.6226
0.6226
0.6226
0.6226
0.6226
0.6226
0.6226
0.6226
0.6226
0.6226
0.6226
0.6226
0.6226
0.6226
0.6226
0.6226
0.6226
0.6226
0.6226
0.4828
0.4828
0.4828
0.4828
0.4828
0.4828
0.4828
0.4828
0.4828
0.4828
0.4828
0.4828
0.4828
0.4828
0.4828
0.4828
0.4828
0.4828
0.4828
0.4828
0.4828
0.4828
0.4828
0.4828
0.4828
0.4828
0.4828
0.4828
0.4828
0.4828
0.4828
0.4828
0.4828
0.4828
0.4828
0.4828
0.4828
0.4828
0.4828
0.4828
0.4828
0.4828
0.4828
0.4828
0.4828
0.4828
0.4828
0.4828
0.4828
0.4828
0.4828
0.4828
0.6908
0.6908
0.6908
0.6908
0.6908
0.6908
0.6908
0.6908
0.6908
0.6908
0.6908
0.6908
0.6908
0.6908
0.6908
0.6908
0.6908
0.6908
0.6908
0.6908
0.6908
0.6908
0.6908
0.6908
0.6908
0.6908
0.6908
0.6908
0.6908
0.6908
0.6908
0.6908
0.6908
0.6908
0.6908
0.6908
0.6908
0.6908
0.6908
0.6908
0.6908
0.6908
0.6908
0.6908
0.6908
0.6908
0.6908
0.6908
0.6908
0.6908
0.6908
0.6908
0.6908
0.6908
0.6908
0.6908
0.174
0.174
0.174
0.174
0.174
0.174
0.174
0.174
0.174
0.174
0.174
0.174
0.174
0.174
0.174
0.174
0.174
0.174
0.174
0.174
0.174
0.174
0.174
0.174
0.174
0.174
0.174
0.174
0.174
0.174
0.174
0.174
0.1446
0.1446
0.1446
0.1446
0.1446
0.1446
0.1446
0.1446
0.1446
0.1446
0.1446
0.1446
0.1446
0.1446
0.1446
0.1446
0.1446
0.1446
0.1446
0.1446
0.1446
0.1446
0.1446
0.1446
0.1446
0.0945
0.0945
0.0945
0.0945
0.0945
0.0945
0.0945
0.0945
0.0945
0.0945
0.0945
0.0945
0.0945
0.0945
0.0945
0.0945
0.0945
0.0945
0.0945
0.0945
0.0945
0.0945
0.0945
0.0945
0.0945
0.0945
0.0945
0.0945
0.0945
0.0945
0.0945
0.0945
0.0945
0.0945
0.0945
0.0945
0.0945
0.0945
0.0945
0.0945
0.0945
0.0945
0.0945
0.0945
0.0945
0.0945
0.2114
0.2114
0.2114
0.2114
0.2114
0.2114
0.2114
0.2114
0.2114
0.2114
0.2114
0.2114
0.2114
0.2114
0.2114
0.2114
0.2114
0.2114
0.2114
0.2114
0.2114
0.2114
0.2114
0.2114
0.2114
0.2114
0.2114
0.2114
0.2114
0.2114
0.2114
0.0462
0.0462
0.0462
0.0462
0.0462
0.0462
0.0462
0.0462
0.0462
0.0462
0.0462
0.0462
0.0462
0.0462
0.0462
0.0462
0.0462
0.0462
0.0462
0.0462
0.0462
0.1996
0.1996
0.1996
0.1996
0.1996
0.1996
0.1996
0.1996
0.1996
0.1996
0.1996
0.1996
0.1996
0.1996
0.1996
0.1996
0.1996
0.1996
0.1996
0.1996
0.1996
0.1996
0.1996
0.1996
0.1996
0.1996
0.1996
0.1996
0.1996
0.1996
0.1996
0.1996
0.1996
0.1996
0.1996
0.1169
0.1169
0.1169
0.1169
0.1169
0.1169
0.1169
0.1169
0.1169
0.1169
0.1169
0.1169
0.1169
0.1169
0.1169
0.1169
0.1169
0.1169
0.1169
0.1169
0.1169
0.1169
0.1169
0.1169
0.1169
0.1169
0.1169
0.1169
0.1169
0.1169
0.116
0.116
0.116
0.116
0.116
0.116
0.116
0.116
0.116
0.116
0.116
0.116
0.116
0.116
0.116
0.116
0.116
0.116
0.116
0.116
0.116
0.116
0.116
0.116
0.116
0.116
0.116
0.116
0.116
0.116
0.116
0.116
0.1841
0.1841
0.1841
0.1841
0.1841
0.1841
0.1841
0.1841
0.1841
0.1841
0.1841
0.1841
0.1841
0.1841
0.1841
0.1841
0.1841
0.1841
0.1841
0.1841
0.1841
0.1841
0.1841
0.1841
0.0979
0.0979
0.0979
0.0979
0.0979
0.0979
0.0979
0.0979
0.0979
0.0979
0.0979
0.0979
0.0979
0.0979
0.0979
0.0979
0.0979
0.0979
0.1244
0.1244
0.1244
0.1244
0.1244
0.1244
0.1244
0.1244
0.1244
0.1244
0.1244
0.1244
0.1244
0.1244
0.1244
0.1244
0.1244
0.1244
0.1062
0.1062
0.1062
0.1062
0.1062
0.1062
0.1062
0.1062
0.1062
0.1062
0.1062
0.1062
0.1062
0.1062
0.1062
0.1062
0.1062
0.1062
0.1062
0.1062
0.1062
0.1062
0.2708
0.2708
0.2708
0.2708
0.2708
0.2708
0.2708
0.2708
0.2708
0.2708
0.2708
0.2708
0.2708
0.2708
0.2708
0.2708
0.2708
0.2708
0.2708
0.2708
0.2708
0.2708
0.1455
0.1455
0.1455
0.1455
0.1455
0.1455
0.1455
0.1455
0.1455
0.1455
0.1455
0.1455
0.1455
0.1455
0.1455
0.1455
0.1455
0.1455
0.1455
0.1455
0.1455
0.23
0.23
0.23
0.23
0.23
0.23
0.23
0.23
0.23
0.23
0.23
0.23
0.23
0.23
0.23
0.23
0.23
0.23
0.23
0.23
0.23
0.2442
0.2442
0.2442
0.2442
0.2442
0.2442
0.2442
0.2442
0.2442
0.2442
0.2442
0.2442
0.2442
0.2442
0.2442
0.2442
0.2442
0.2442
0.2442
0.2442
0.2442
0.1344
0.1344
0.1344
0.1344
0.1344
0.1344
0.1344
0.1344
0.1344
0.1344
0.1344
0.1344
0.1344
0.1344
0.1344
0.1344
0.1344
0.1344
0.1344
0.1344
0.1088
0.1088
0.1088
0.1088
0.1088
0.1088
0.1088
0.1088
0.1088
0.1088
0.1088
0.1088
0.1088
0.1088
0.1088
0.1088
0.1088
0.0993
0.0993
0.0993
0.0993
0.0993
0.0993
0.0993
0.0993
0.0993
0.0993
0.0993
0.0993
0.0993
0.0993
0.0993
0.0993
0.0993
0.0993
0.1666
0.1666
0.1666
0.1666
0.1666
0.1666
0.1666
0.1666
0.1666
0.1666
0.1666
0.1666
0.1666
0.1666
0.1666
0.1666
0.1666
0.1666
0.1666
0.1666
0.1666
0.1666
0.1666
0.1666
0.1666
0.1666
0.1979
0.1979
0.1979
0.1979
0.1979
0.1979
0.1979
0.1979
0.1979
0.1979
0.1979
0.1979
0.1979
0.1979
0.1979
0.1979
0.1979
0.1979
0.1979
0.1979
0.1119
0.1119
0.1119
0.1119
0.1119
0.1119
0.1119
0.1119
0.1119
0.1119
0.1119
0.1119
0.1119
0.1119
0.1119
0.1119
0.1119
0.1119
0.1119
0.1119
0.1119
0.1119
0.1119
0.1119
0.1119
0.1119
0.1119
0.1036
0.1036
0.1036
0.1036
0.1036
0.1036
0.1036
0.1036
0.1036
0.1036
0.1036
0.1036
0.1036
0.1036
0.1036
0.1036
0.1668
0.1668
0.1668
0.1668
0.1668
0.1668
0.1668
0.1668
0.1668
0.1668
0.1668
0.1668
0.1668
0.1668
0.1668
0.1668
0.1668
0.1668
0.1668
0.1668
0.1668
0.1668
0.1725
0.1725
0.1725
0.1725
0.1725
0.1725
0.1725
0.1725
0.1725
0.1725
0.1725
0.1725
0.1725
0.1725
0.1725
0.1725
0.1725
0.1725
0.1725
0.1725
0.1888
0.1888
0.1888
0.1888
0.1888
0.1888
0.1888
0.1888
0.1888
0.1888
0.1888
0.1888
0.1888
0.1888
0.1888
0.1888
0.1888
0.1888
0.1888
0.1888
0.1888
0.1888
0.1888
0.1888
0.1924
0.1924
0.1924
0.1924
0.1924
0.1924
0.1924
0.1924
0.1924
0.1924
0.1924
0.1924
0.1924
0.1924
0.1924
0.1924
0.1924
0.1924
0.1924
0.1924
0.1326
0.1326
0.1326
0.1326
0.1326
0.1326
0.1326
0.1326
0.1326
0.1326
0.1326
0.1326
0.1326
0.1326
0.1326
0.1326
0.1326
0.1326
0.1326
0.1326
0.1326
0.1326
0.1326
0.1326
0.1326
0.1326
0.1326
0.1326
0.1326
0.1326
0.1326
0.1326
0.1326
0.1326
0.2749
0.2749
0.2749
0.2749
0.2749
0.2749
0.2749
0.2749
0.2749
0.2749
0.2749
0.2749
0.2749
0.2749
0.2749
0.2749
0.2749
0.2749
0.2749
0.2749
0.2749
0.2749
0.2749
0.2749
0.2749
0.2749
0.2749
0.2749
0.2749
0.2749
0.1552
0.1552
0.1552
0.1552
0.1552
0.1552
0.1552
0.1552
0.1552
0.1552
0.1552
0.1552
0.1552
0.1552
0.1552
0.1552
0.1552
0.1552
0.1552
0.1552
0.1552
0.1552
0.1552
0.1552
0.1552
0.1552
0.1552
0.1552
0.1552
0.1552
0.1552
0.1552
0.1552
0.1344
0.1344
0.1344
0.1344
0.1344
0.1344
0.1344
0.1344
0.1344
0.1344
0.1344
0.1344
0.1344
0.1344
0.1344
0.1344
0.1344
0.1344
0.1344
0.1344
0.1344
0.1344
0.1344
0.1242
0.1242
0.1242
0.1242
0.1242
0.1242
0.1242
0.1242
0.1242
0.1242
0.1242
0.1242
0.1242
0.1242
0.1242
0.1242
0.1242
0.1242
0.1242
0.1242
0.1242
0.1242
0.1242
0.1242
0.1021
0.1021
0.1021
0.1021
0.1021
0.1021
0.1021
0.1021
0.1021
0.1021
0.1021
0.1021
0.1021
0.1021
0.1021
0.1021
0.1021
0.1021
0.1021
0.2038
0.2038
0.2038
0.2038
0.2038
0.2038
0.2038
0.2038
0.2038
0.2038
0.2038
0.2038
0.2038
0.2038
0.2038
0.2038
0.2038
0.2038
0.2038
0.2038
0.2038
0.2038
0.2038
0.2038
0.2038
0.2038
0.2038
0.1793
0.1793
0.1793
0.1793
0.1793
0.1793
0.1793
0.1793
0.1793
0.1793
0.1793
0.1793
0.1793
0.1793
0.1793
0.1793
0.1793
0.1793
0.1793
0.1604
0.1604
0.1604
0.1604
0.1604
0.1604
0.1604
0.1604
0.1604
0.1604
0.1604
0.1604
0.1604
0.1604
0.1604
0.1604
0.1604
0.1604
0.1848
0.1848
0.1848
0.1848
0.1848
0.1848
0.1848
0.1848
0.1848
0.1848
0.1848
0.1848
0.1848
0.1848
0.1848
0.1848
0.1336
0.1336
0.1336
0.1336
0.1336
0.1336
0.1336
0.1336
0.1336
0.1336
0.1336
0.1336
0.1336
0.1336
0.1555
0.1555
0.1555
0.1555
0.1555
0.1555
0.1555
0.1555
0.1555
0.1555
0.1555
0.1555
0.1555
0.1555
0.1555
0.1555
0.1082
0.1082
0.1082
0.1082
0.1082
0.1082
0.1082
0.1082
0.1082
0.1082
0.1082
0.1082
0.2209
0.2209
0.2209
0.2209
0.2209
0.2209
0.2209
0.2209
0.2209
0.2209
0.2209
0.2209
0.2209
0.1735
0.1735
0.1735
0.1735
0.1735
0.1735
0.1735
0.1735
0.1735
0.1735
0.1735
0.1735
0.1735
0.1735
0.1735
0.1416
0.1416
0.1416
0.1416
0.1416
0.1416
0.1416
0.1416
0.1416
0.1416
0.1416
0.1416
0.1416
0.1416
0.1416
0.1416
0.1416
0.1416
0.1416
0.1416
0.1416
0.1416
0.1416
0.2558
0.2558
0.2558
0.2558
0.2558
0.2558
0.2558
0.2558
0.2558
0.2558
0.2558
0.2558
0.2558
0.2558
0.2558
0.098
0.098
0.098
0.098
0.098
0.098
0.098
0.098
0.1221
0.1221
0.1221
0.1221
0.1221
0.1221
0.0989
0.0989
0.0989
0.0989
0.0989
0.0989
0.0989
0.0989
0.0989
0.0989
0.0989
0.0989
0.0989
0.0927
0.0927
0.0927
0.0927
0.0927
0.0927
0.0927
0.11
0.11
0.11
0.11
0.11
0.1558
0.1558
0.1558
0.1558
0.1558
0.1558
0.1558
0.1558
0.1558
0.1558
0.1558
0.1552
0.1552
0.1552
0.1552
0.1552
0.1552
0.0937
0.0937
0.0937
0.0937
0.0937
0.0937
0.1514
0.1514
0.1514
0.1514
0.1514
0.1514
0.2017
0.2017
0.2017
0.2017
0.2017
0.2017
0.1653
0.1653
0.1653
0.1653
0.1653
0.1653
0.1653
0.1653
0.1448
0.1418
0.1418
0.1418
0.1418
0.1418
0.1418
0.1418
0.1418
0.1418
0.1448
0.1448
0.1448
0.1448
0.1448
0.1448
0.1448
0.1618
0.1618
0.1618
0.1618
0.1618
0.1618
0.1624
0.1624
0.1624
0.1624
0.1624
0.1624
0.1624
0.1624
0.1041
0.1041
0.1041
0.1041
0.1041
0.1041
0.1946
0.1946
0.1946
0.1946
0.1946
0.1946
0.1946
0.1946
0.1946
0.1349
0.209
0.209
0.209
0.209
0.209
0.209
0.209
0.209
0.209
0.209
0.1004
0.1004
0.1004
0.1004
0.1004
0.1004
0.1349
0.1349
0.1349
0.1349
0.1191
0.1191
0.1191
0.1191
0.1191
0.1191
0.1191
0.1191
0.1191
0.1611
0.1611
0.1611
0.1611
0.1611
0.1081
0.1081
0.1081
0.1081
0.1081
0.1081
0.1921
0.1921
0.1921
0.1921
0.1921
0.1921
0.1921
0.1921
0.1921
0.1592
0.1592
0.1592
0.1592
0.1592
0.1592
0.1592
0.1345
0.1345
0.1345
0.19
0.173
0.0853
0.0853
0.0853
0.0853
0.0853
0.0853
0.0853
0.173
0.173
0.173
0.173
0.173
0.173
0.19
0.19
0.19
0.19
0.19
0.1882
0.1882
0.1882
0.1882
0.1882
0.1882
0.1882
0.1882
0.1882
0.1882
0.0686
0.0686
0.0686
0.0686
0.0686
0.0686
0.0686
0.1283
0.1283
0.1283
0.1283
0.1283
0.1283
0.1473
0.1473
0.1473
0.1473
0.1473
0.1473
0.1473
0.1473
0.1473
0.1473
0.0827
0.0827
0.0827
0.0827
0.0827
0.0827
0.0827
0.0827
0.0827
0.0827
0.0827
0.1195
0.1195
0.1195
0.1195
0.136
0.136
0.136
0.136
0.136
0.136
0.136
0.136
0.1095
0.1095
0.1095
0.1095
0.1095
0.1095
0.1095
0.1286
0.1286
0.1286
0.1286
0.1286
0.1286
0.1286
0.1286
0.1807
0.1807
0.1807
0.1807
0.1807
0.1807
0.1807
0.1256
0.1256
0.1256
0.1096
0.1096
0.1096
0.1096
0.1096
0.1096
0.1096
0.1096
0.1096
0.1096
0.1096
0.1117
0.1117
0.1117
0.1117
0.1117
0.1256
0.1256
0.1256
0.1256
0.1256
0.1256
0.1273
0.1273
0.1273
0.1755
0.1755
0.1755
0.1755
0.1253
0.1253
0.1253
0.1372
0.1372
0.1372
0.1372
0.2448
0.2448
0.1483
0.1483
0.1483
0.1483
0.1334
0.1334
0.1334
0.1334
0.1744
0.1744
0.1055
0.1055
0.1055
0.1475
0.1475
0.1241
0.1241
0.1241
0.1241
0.1577
0.1577
0.1577
0.1577
0.1577
0.091
0.091
0.091
0.091
0.1448
0.1448
0.1448
0.1448
0.1448
0.1448
0.1814
0.1814
0.1814
0.1506
0.1506
0.1506
0.1506
0.1506
0.0876
0.0876
0.0876
0.0876
0.0996
0.0996
0.0996
0.0996
0.1191
0.1191
0.1191
0.1191
0.1191
0.1191
0.2587
0.1299
0.1299
0.1299
0.1299
0.1299
0.2587
0.2587
0.2587
0
0
0
0
0
0.1197
0.1197
0.1197
0.1197
0.1197
0.156
0.156
0.156
0.156
0.1176
0.1176
0.1176
0.1176
0.1176
0.1176
0.1176
0.1176
0.1176
0.1176
0.1924
0.1924
0.1924
0.1924
0.455
0.455
0.455
0.455
0.1122
0.1122
0.1122
0.1122
0.1122
0.1122
0.1625
0.1625
0.1625
0.1625
0.1625
0.1241
0.1455
0.1455
0.1455
0.1455
0.1455
0.1241
0.1241
0.1241
0.1588
0.1394
0.1394
0.1394
0.1394
0.1394
0.1394
0.1394
0.1824
0.1824
0.1824
0.1588
0.1588
0.1588
0.1588
0.1588
0.1588
0.1588
0.1588
0.1058
0.1058
0.1058
0.1058
0.1058
0.1058
0.183
0.183
0.183
0.183
0.183
0.1078
0.1078
0.1078
0.1078
0.1078
0.1246
0.1246
0.1246
0.1246
0.1246
0.1246
0.1542
0.1542
0.1542
0.1542
0.1542
0.1542
0.1232
0.1232
0.1232
0.1277
0.1277
0.1277
0.1277
0.1277
0.1277
0.2554
0.2554
0.2554
0.2554
0.2554
0.2554
0.2554
0.2554
0.2554
0.2554
0.2554
0.2554
0.2554
0.2554
0.2554
0.2554
0.2554
0.2554
0.2554
0.2554
0.2554
0.2554
0.2554
0.2554
0.2554
0.2554
0.2554
0.2554
0.2554
0.2554
0.2554
0.2554
0.2554
0.2554
0.2554
0.2554
0.2554
0.2554
0.2554
0.2554
0.2554
0.2554
0.2554
0.2554
0.2554
0.2554
0.2554
0.2554
0.2554
0.2554
0.2554
0.2554
0.2554
0.2554
0.2554
0.2554
0.2554
0.2554
0.2554
0.2554
0.2554
0.2554
0.2554
0.2554
0.2554
0.2554
0.2554
0.2554
0.2554
0.2554
0.2554
0.2554
0.2554
0.2554
0.2554
0.2554
0.2554
0.2554
0.2554
0.2554
0.2554
0.2554
0.2554
0.2554
0.2554
0.2554
0.2554
0.2554
0.2554
0.2554
0.2554
0.2554
0.2554
0.2554
0.2554
0.2554
0.2554
0.2554
0.2554
0.2554
0.2554
0.2554
0.2554
0.2554
0.2554
0.2554
0.2554
0.2554
0.2554
0.2554
0.2554
0.2554
0.2554
0.2554
0.2554
0.2554
0.2554
0.2554
0.2554
0.2554
0.2554
0.2554
0.2554
0.2554
0.2554
0.2554
0.2554
0.2554
0.2554
0.2554
0.2554
0.2554
0.2554
0.2554
0.2554
0.2554
0.2554
0.2554
0.2554
0.2554
0.2554
0.2554
0.2554
0.2554
0.2554
0.2554
0.2554
0.2554
0.2554
0.2554
0.2554
0.2554
0.2554
0.2554
0.2554
0.2554
0.2554
0.2554
0.2554
0.2554
0.2554
0.2554
0.2554
0.2554
0.2554
0.2554
0.2554
0.2554
0.2554
0.2554
0.2554
0.2554
0.2554
0.2554
0.2554
0.2554
0.2554
0.2554
0.2554
0.2554
0.2554
0.2554
0.2554
0.2554
0.2554
0.2554
0.2554
0.2554
0.2554
0.2554
0.2554
0.2554
0.2554
0.2554
0.2554
0.2554
0.2554
0.2554
0.2554
0.2554
0.2554
0.2554
0.2554
0.2554
0.2554
0.2554
0.2554
0.2554
0.2554
0.2554
0.2554
0.2554
0.2554
0.2554
0.2554
0.2554
0.2554
0.2554
0.2554
0.2554
0.2554
0.2554
0.2554
0.2554
0.2554
0.2554
0.2554
0.2554
0.2554
0.2554
0.2554
0.2554
0.2554
0.2554
0.2554
0.2554
0.2554
0.2554
0.2554
0.2554
0.2554
0.2554
0.2554
0.2554
0.2554
0.2554
0.2554
0.2554
0.2554
0.2554
0.2554
0.2554
0.2554
0.2554
0.2554
0.2554
0.2554
0.2554
0.2554
0.2554
0.2554
0.2554
0.2554
0.2554
0.2554
0.2554
0.2554
0.2554
0.2554
0.2554
0.2554
0.2554
0.2554
0.2554
0.2554
0.2554
0.2554
0.2554
0.2554
0.2554
0.2554
0.2554
0.2554
0.2554
0.2554
0.2554
0.2554
0.2554
0.2554
0.2554
0.2554
0.2554
0.2554
0.2554
0.2554
0.2554
0.2554
0.2554
0.2554
0.2554
0.2554
0.2554
0.2554
0.2554
0.2554
0.2554
0.2554
0.2554
0.2554
0.2554
0.2554
0.2554
0.2554
0.2554
0.2554
0.2554
0.2554
0.2554
0.2554
0.2554
0.2554
0.2554
0.2554
0.2554
0.2554
0.2554
0.2554
0.2554
0.2554
0.2554
0.2554
0.2554
0.2554
0.2554
0.2554
0.2554
0.2554
0.2554
0.2554
0.2554
0.2554
0.2554
0.2554
0.2554
0.2554
0.2554
0.2554
0.2554
0.2554
0.2554
0.2554
0.2554
0.2554
0.2554
0.2554
0.2554
0.2554
0.2554
0.2554
0.2554
0.2554
0.2554
0.2554
0.2554
0.2554
0.2554
0.2554
0.2554
0.2554
0.2554
0.2554
0.2554
0.2554
0.2554
0.2554
0.2554
0.2554
0.2554
0.2554
0.2554
0.2554
0.2554
0.2554
0.2554
0.2554
0.2554
0.2554
0.2554
0.2554
0.2554
0.2554
0.2554
0.2554
0.2554
0.2554
0.2554
0.2554
0.2554
0.2554
0.2554
0.2554
0.2554
0.2554
0.2554
0.2554
0.2554
0.2554
0.2554
0.2554
0.2554
0.2554
0.2554
0.2554
0.2554
0.2554
0.2554
0.2554
0.2554
0.2554
0.2554
0.2554
0.2554
0.2554
0.2554
0.2554
0.2554
0.2554
0.2554
0.2554
0.2554
0.2554
0.2554
0.2554
0.2554
0.2554
0.2554
0.2554
0.2554
0.2554
0.2554
0.2554
0.2554
0.2554
0.2554
0.2554
0.2554
0.2554
0.2554
0.2554
0.2554
0.2554
0.2554
0.2554
0.2554
0.2554
0.2554
0.2554
0.2554
0.2554
0.2554
0.2554
0.2554
0.2554
0.2554
0.2554
0.2554
0.2554
0.2554
0.2554
0.2554
0.2554
0.2554
0.2554
0.2554
0.2554
0.2554
0.2554
0.2554
0.2554
0.2554
0.2554
0.2554
0.2554
0.2554
0.2554
0.2554
0.2554
0.2554
0.2554
0.2554
0.2554
0.2554
0.2554
0.2554
0.2554
0.2554
0.2554
0.2554
0.2554
0.2554
0.0451
0.0451
0.0451
0.0451
0.0451
0.0451
0.0437
0.0437
0.0437
0.0437
0.0437
0.0437
0.0437
0.0324
0.0324
0.0324
0.0324
0.0324
0.0324
0.0324
0.0396
0.0396
0.0396
0.0396
0.0396
0.0396
0.0396
0.0491
0.0491
0.0491
0.0491
0.0491
0.0491
0.0491
0.0491
0.0288
0.0288
0.0288
0.0288
0.0288
0.0288
0.0288
0.0288
0.0288
0.0288
0.0288
0.0288
0.0288
0.0463
0.0463
0.0463
0.0463
0.0463
0.0463
0.035
0.035
0.035
0.0461
0.0461
0.0461
0.0461
0.0461
0.0911
0.0911
0.0911
0.0911
0.0911
0.0911
0.0659
0.0659
0.0659
0.0659
0.0659
0.0659
0.0659
0.0659
0.0659
0.0261
0.0261
0.0261
0.0261
0.0447
0.0447
0.0447
0.0447
0.0447
0.1116
0.1116
0.1116
0.1116
0.1116
0.0771
0.0771
0.0771
0.0771
0.0771
0.0457
0.0457
0.0457
0.0457
0.0687
0.0687
0.0687
0.0529
0.0529
0.0529
0.0456
0.0456
0.0456
0.0456
0.0456
0.0456
0.0456
0.0456
0.0444
0.0444
0.0444
0.0444
0.0444
0.0515
0.0515
0.0515
0.0515
0.0515
0.0409
0.0409
0.0409
0.0409
0.0409
0.0337
0.0337
0.0337
0.0353
0.0353
0.0353
0.0353
0.0353
0.0353
0.0419
0.0419
0.0419
0.0419
0.0569
0.0569
0.0569
0.0569
0.0569
0.0612
0.0612
0.0612
0.0612
0.0612
0.0612
0.0612
0.0451
0.0451
0.0451
0.0451
0.0451
0.0451
0.0451
0.0451
0.0803
0.0803
0.0803
0.0803
0.0803
0.0803
0.0803
0.0522
0.0522
0.0522
0.037
0.037
0.037
0.037
0.0354
0.0354
0.0354
0.0354
0.0354
0.0354
0.0354
0.0354
0.0545
0.0545
0.0545
0.0545
0.0545
0.0545
0.0545
0.0545
0.0545
0.0515
0.0515
0.0515
0.0515
0.0515
0.0934
0.0934
0.0934
0.0934
0.0934
0.0934
0.0934
0.0484
0.0484
0.0484
0.0484
0.0484
0.0484
0.0645
0.0645
0.0645
0.0645
0.0645
0.0645
0.0645
0.0645
0.0645
0.0428
0.0428
0.0428
0.0428
0.0428
0.076
0.076
0.076
0.076
0.0647
0.0647
0.0647
0.0647
0.0647
0.0647
0.0647
0.0647
0.0647
0.0633
0.0633
0.0633
0.0633
0.0633
0.0477
0.0477
0.0477
0.0358
0.0358
0.0358
0.0358
0.0358
0.0358
0.0358
0.0358
0.0579
0.0579
0.0579
0.0579
0.0579
0.0579
0.0579
0.0579
0.0394
0.0394
0.0394
0.0394
0.0393
0.0393
0.0393
0.0393
0.0393
0.0393
0.0373
0.0373
0.0373
0.0373
0.0373
0.0373
0.0373
0.0564
0.0564
0.0564
0.0564
0.0564
0.0445
0.0445
0.0445
0.0445
0.0445
0.0445
0.0445
0.0445
0.0466
0.0466
0.0466
0.0466
0.0588
0.0588
0.0588
0.0588
0.0588
0.0588
0.0396
0.0396
0.0396
0.0396
0.0396
0.0396
0.0396
0.0274
0.0274
0.0274
0.0274
0.0274
0.0274
0.052
0.052
0.0717
0.0717
0.0717
0.0538
0.0538
0.0538
0.0558
0.0558
0.0558
0.0558
0.0703
0.0703
0.0703
0.0703
0.0703
0.0703
0.0703
0.0541
0.0541
0.0541
0.0371
0.0371
0.0371
0.0529
0.0529
0.0529
0.0529
0.0472
0.0472
0.0797
0.0797
0.0797
0.0797
0.0646
0.0646
0.0443
0.0443
0.0443
0.045
0.045
0.045
0.0473
0.0473
0.0473
0.0473
0.0446
0.0446
0.0524
0.0524
0.0524
0.0668
0.0668
0.0668
0.0668
0.0668
0.0422
0.0422
0.0402
0.0402
0.0798
0.0798
0.0508
0.0508
0.0383
0.0383
0.0383
0.0383
0.0383
0.0599
0.0599
0.0599
0.0599
0.0599
0.062
0.062
0.0426
0.0283
0.0283
0.0283
0.0283
0.0283
0.0283
0.0426
0.0426
0.0443
0.0443
0.0443
0.0443
0.0443
0.0857
0.0857
0.0857
0.0857
0.073
0.073
0.073
0.073
0.073
0.0492
0.0492
0.0492
0.047
0.047
0.047
0.047
0.047
0.0378
0.0378
0.0378
0.0378
0.045
0.045
0.045
0.045
0.0767
0.0767
0.0835
0.0835
0.0835
0.0469
0.0469
0.0469
0.0469
0.0317
0.0317
0.0317
0.0317
0.0521
0.0521
0.0521
0.0392
0.0392
0.0392
0.0392
0.05
0.05
0.05
0.053
0.053
0.053
0.053
0.053
0.0356
0.0356
0.0356
0.0356
0.0356
0.0411
0.0411
0.0411
0.0483
0.0483
0.0463
0.0463
0.0339
0.0339
0.0442
0.0442
0.0442
0.0442
0.0442
0.0442
0.0388
0.0388
0.0542
0.0324
0.0324
0.0324
0.035
0.035
0.035
0.0542
0.0395
0.0395
0.0395
0.0523
0.0523
0.0523
0.0523
0.0374
0.0374
0.0374
0.0374
0.2188
0.2188
0.2188
0.2188
0.2188
0.2188
0.2188
0.2188
0.2188
0.2188
0.2188
0.2188
0.2188
0.2188
0.2188
0.2188
0.2188
0.2188
0.2188
0.2188
0.2188
0.2188
0.2188
0.2188
0.2188
0.2188
0.2188
0.2188
0.2188
0.2188
0.2188
0.2188
0.2188
0.2188
0.2188
0.2188
0.2188
0.2188
0.2188
0.2188
0.2188
0.2188
0.2188
0.2188
0.2188
0.2188
0.2188
0.2188
0.2188
0.2188
0.2188
0.2188
0.2188
0.2188
0.2188
0.2188
0.2188
0.2188
0.2188
0.2188
0.2188
0.2188
0.2188
0.2188
0.2188
0.2188
0.2188
0.2188
0.2188
0.2188
0.2188
0.2188
0.2188
0.2188
0.2188
0.2188
0.2188
0.2188
0.2188
0.2188
0.2188
0.2188
0.2188
0.2188
0.2188
0.2188
0.2188
0.2188
0.2188
0.2188
0.2188
0.2188
0.2188
0.2188
0.2188
0.2188
0.2188
0.2188
0.2188
0.2188
0.2188
0.2188
0.2188
0.2188
0.2188
0.2188
0.2188
0.2188
0.2188
0.2188
0.2188
0.2188
0.2188
0.2188
0.2188
0.2188
0.2188
0.2188
0.2188
0.2188
0.2188
0.2188
0.2188
0.2188
0.2188
0.2188
0.2188
0.2188
0.2188
0.2188
0.2188
0.2188
0.2188
0.2188
0.2188
0.2188
0.2188
0.2188
0.2188
0.2188
0.2188
0.2188
0.2188
0.2188
0.2188
0.2188
0.2188
0.2188
0.2188
0.2188
0.2188
0.2188
0.2188
0.2188
0.2188
0.2188
0.2188
0.2188
0.2188
0.2188
0.2188
0.2188
0.2188
0.2188
0.2188
0.2188
0.2188
0.2188
0.2188
0.2188
0.2188
0.2188
0.2188
0.2188
0.2188
0.2188
0.2188
0.2188
0.2188
0.2188
0.2188
0.2188
0.2188
0.2188
0.2188
0.2188
0.2188
0.2188
0.2188
0.2188
0.2188
0.2188
0.2188
0.2188
0.2188
0.2188
0.2188
0.2188
0.2188
0.2188
0.2188
0.2188
0.2188
0.2188
0.2287
0.2287
0.2287
0.2287
0.2287
0.2287
0.2287
0.2287
0.2287
0.2287
0.2287
0.2287
0.2287
0.2287
0.2287
0.2287
0.2287
0.2287
0.2287
0.2287
0.2287
0.2287
0.2287
0.2287
0.2287
0.2287
0.2287
0.2287
0.2287
0.2287
0.2287
0.2287
0.2287
0.2287
0.2287
0.2287
0.2287
0.2287
0.2287
0.2287
0.2287
0.2287
0.2287
0.2287
0.2287
0.2287
0.2287
0.2287
0.2287
0.2287
0.2287
0.2287
0.2287
0.2287
0.2287
0.2287
0.2287
0.2287
0.2287
0.2287
0.2287
0.2287
0.2287
0.2287
0.2287
0.2287
0.2287
0.2287
0.2287
0.2287
0.2287
0.2287
0.2287
0.2287
0.2287
0.2287
0.2287
0.2287
0.2287
0.2287
0.2287
0.2287
0.2287
0.2287
0.2287
0.2287
0.2287
0.2287
0.2287
0.2287
0.2287
0.2287
0.2287
0.2287
0.2287
0.2287
0.2287
0.2287
0.2287
0.2287
0.2287
0.2287
0.2287
0.2287
0.2287
0.2287
0.2287
0.2287
0.2287
0.2287
0.2287
0.2287
0.2287
0.2287
0.2287
0.2287
0.2287
0.2287
0.2287
0.2287
0.2287
0.2287
0.2287
0.2287
0.2287
0.2287
0.2287
0.2287
0.2287
0.2287
0.2287
0.2287
0.2287
0.2287
0.2287
0.2287
0.2287
0.2287
0.2287
0.2287
0.2287
0.2287
0.2287
0.2287
0.2287
0.2287
0.2287
0.2287
0.2287
0.2287
0.2287
0.2287
0.2287
0.2287
0.2287
0.2287
0.2287
0.2287
0.2287
0.2287
0.2287
0.2287
0.2287
0.2672
0.2672
0.2672
0.2672
0.2672
0.2672
0.2672
0.2672
0.2672
0.2672
0.2672
0.2672
0.2672
0.2672
0.2672
0.2672
0.2672
0.2672
0.2672
0.2672
0.2672
0.2672
0.2672
0.2672
0.2672
0.2672
0.2672
0.2672
0.2672
0.2672
0.2672
0.2672
0.2672
0.2672
0.2672
0.2672
0.2672
0.2672
0.2672
0.2672
0.2672
0.2672
0.2672
0.2672
0.2672
0.2672
0.2672
0.2672
0.2672
0.2672
0.2672
0.2672
0.2672
0.2672
0.2672
0.2672
0.2672
0.2672
0.2672
0.2672
0.2672
0.2672
0.2672
0.2672
0.2672
0.2672
0.2672
0.2672
0.2672
0.2672
0.2672
0.2672
0.2672
0.2672
0.2672
0.2672
0.2672
0.2672
0.2672
0.2672
0.2672
0.2672
0.2672
0.2672
0.2672
0.2672
0.2672
0.2672
0.2672
0.2672
0.2672
0.2672
0.2672
0.2672
0.2672
0.2672
0.2672
0.2672
0.2672
0.2672
0.2672
0.2672
0.2672
0.2672
0.2672
0.2672
0.2672
0.2672
0.2672
0.2672
0.2672
0.2672
0.2672
0.2672
0.2672
0.2672
0.2672
0.2672
0.2672
0.2672
0.2672
0.2672
0.2672
0.2672
0.2672
0.2672
0.2672
0.2672
0.2672
0.2672
0.2672
0.2672
0.2672
0.2377
0.2377
0.2377
0.2377
0.2377
0.2377
0.2377
0.2377
0.2377
0.2377
0.2377
0.2377
0.2377
0.2377
0.2377
0.2377
0.2377
0.2377
0.2377
0.2377
0.2377
0.2377
0.2377
0.2377
0.2377
0.2377
0.2377
0.2377
0.2377
0.2377
0.2377
0.2377
0.2377
0.2377
0.2377
0.2377
0.2377
0.2377
0.2377
0.2377
0.2377
0.2377
0.2377
0.2377
0.2377
0.2377
0.2377
0.2377
0.2377
0.2377
0.2377
0.2377
0.2377
0.2377
0.2377
0.2377
0.2377
0.2377
0.2377
0.2377
0.3127
0.3127
0.3127
0.3127
0.3127
0.3127
0.3127
0.3127
0.3127
0.3127
0.3127
0.3127
0.3127
0.3127
0.3127
0.3127
0.3127
0.3127
0.3127
0.3127
0.3127
0.3127
0.3127
0.3127
0.3127
0.3127
0.3127
0.3127
0.3127
0.3127
0.3127
0.3127
0.3127
0.3127
0.3127
0.3127
0.3127
0.3127
0.3127
0.3127
0.3127
0.3127
0.3127
0.3127
0.3127
0.3127
0.3127
0.3127
0.3127
0.3127
0.3127
0.3127
0.3127
0.3127
0.3127
0.3127
0.3127
0.3127
0.3127
0.3127
0.3127
0.3127
0.3127
0.3127
0.3127
0.3127
0.3127
0.3127
0.3127
0.3127
0.3127
0.3127
0.3127
0.3127
0.3127
0.3127
0.3127
0.3127
0.3127
0.3127
0.3127
0.3127
0.3127
0.3127
0.3127
0.3127
0.3127
0.3127
0.3127
0.3127
0.3127
0.3127
0.3127
0.3127
0.3127
0.3127
0.3127
0.3946
0.3946
0.3946
0.3946
0.3946
0.3946
0.3946
0.3946
0.3946
0.3946
0.3946
0.3946
0.3946
0.3946
0.3946
0.3946
0.3946
0.3946
0.3946
0.3946
0.3946
0.3946
0.3946
0.3946
0.3946
0.3946
0.3946
0.3946
0.3946
0.3946
0.3946
0.3946
0.3946
0.3946
0.3946
0.3946
0.3946
0.3946
0.3946
0.3946
0.3946
0.3946
0.3946
0.3946
0.3946
0.3946
0.3946
0.3946
0.3946
0.3946
0.3946
0.3946
0.3946
0.3946
0.3946
0.3946
0.3946
0.3946
0.3946
0.3946
0.3946
0.3946
0.3946
0.3946
0.3946
0.3946
0.3946
0.3946
0.3946
0.3946
0.3946
0.3946
0.3513
0.3513
0.3513
0.3513
0.3513
0.3513
0.3513
0.3513
0.3513
0.3513
0.3513
0.3513
0.3513
0.3513
0.3513
0.3513
0.3513
0.3513
0.3513
0.3513
0.3513
0.3513
0.3513
0.3513
0.3513
0.3513
0.3513
0.3513
0.3513
0.3513
0.3513
0.3513
0.3513
0.3513
0.3513
0.3513
0.3513
0.3513
0.3513
0.3513
0.3513
0.3513
0.3513
0.3513
0.3513
0.3513
0.3513
0.3513
0.3513
0.3513
0.3513
0.3513
0.3513
0.3513
0.3513
0.3513
0.3513
0.3513
0.3513
0.3513
0.3513
0.3513
0.3513
0.3513
0.3513
0.3513
0.2806
0.2806
0.2806
0.2806
0.2806
0.2806
0.2806
0.2806
0.2806
0.2806
0.2806
0.2806
0.2806
0.2806
0.2806
0.2806
0.2806
0.2806
0.2806
0.2806
0.2806
0.2806
0.2806
0.2806
0.2806
0.2806
0.2806
0.2806
0.2806
0.2806
0.2806
0.2806
0.2806
0.2806
0.2806
0.2806
0.2806
0.2806
0.2806
0.2806
0.2806
0.2806
0.2806
0.2806
0.2806
0.2806
0.2806
0.2806
0.2806
0.2806
0.2806
0.2806
0.2806
0.2806
0.2806
0.3353
0.3353
0.3353
0.3353
0.3353
0.3353
0.3353
0.3353
0.3353
0.3353
0.3353
0.3353
0.3353
0.3353
0.3353
0.3353
0.3353
0.3353
0.3353
0.3353
0.3353
0.3353
0.3353
0.3353
0.3353
0.3353
0.3353
0.3353
0.3353
0.3353
0.3353
0.3353
0.3353
0.3353
0.3353
0.3353
0.3353
0.3353
0.3353
0.3353
0.3353
0.3353
0.3353
0.3353
0.3353
0.3353
0.3353
0.3353
0.3353
0.3353
0.3186
0.3186
0.3186
0.3186
0.3186
0.3186
0.3186
0.3186
0.3186
0.3186
0.3186
0.3186
0.3186
0.3186
0.3186
0.3186
0.3186
0.3186
0.3186
0.3186
0.3186
0.3186
0.3186
0.3186
0.3186
0.3186
0.3186
0.3186
0.3186
0.3186
0.3186
0.3186
0.3186
0.3186
0.3186
0.3186
0.3186
0.3186
0.3186
0.3186
0.3186
0.3186
0.3186
0.3186
0.3186
0.3186
0.3186
0.3186
0.2908
0.2908
0.2908
0.2908
0.2908
0.2908
0.2908
0.2908
0.2908
0.2908
0.2908
0.2908
0.2908
0.2908
0.2908
0.2908
0.2908
0.2908
0.2908
0.2908
0.2908
0.2908
0.2908
0.2908
0.2908
0.2908
0.2908
0.2908
0.2908
0.2908
0.2908
0.2908
0.2908
0.2908
0.2908
0.2908
0.2908
0.2908
0.2908
0.2908
0.2908
0.2908
0.2908
0.2908
0.2908
0.2908
0.2908
0.2908
0.2908
0.2908
0.2908
0.2908
0.1435
0.2477
0.2941
0.2277
0.8159
0.3355
0.2753
0.1794
0.2742
0.2094
0.2776
0.2974
0.2921
0.2046
0.2233
0.2438
0.2167
0.2364
0.1456
0.2728
0
0.1975
0.2577
0.2308
0.1841
0.0533
0.3298
0.1579
0.2447
0.2536
0.1808
0.2287
0.1655
0.1359
0.19
0.1897
0.2246
0.2263
0.4423
0.2671
0.1814
0.2359
0.2451
0.1933
0
0.1744
0.1822
0.2047
0.1647
0.2118
0.2417
0.3069
0.0805
0.167
0.2084
0.2002
0.2272
0.3353
0.2608
0.1683
0.2113
0.2371
0.2971
0.2513
0.1554
0.095
0.224
0.2137
0.2219
0.2007
0.2217
0.2061
0.4405
0.219
0.2803
0.227
0.2509
0.2883
0.2765
0.2769
0.2141
0.2678
0.2842
0.2376
0.2686
0
0.1869
0.2289
0.1158
0.201
0.2295
0.261
0.3423
0.2228
0.2562
0.2634
0.2271
0.1212
0.2232
0.1849
0.1923
0
0.167
0.1235
0.1656
0.3024
0.2146
0.1842
0.1904
0.2275
0.2879
0.2289
0.068
0.3325
0.497
0.2102
0.259
0.1622
0.2038
0.2481
0.2167
0.2348
0.1431
0.2359
0.2257
0.2501
0.1595
0.226
0.2342
0.0638
0.2252
0.3049
0.2363
0.0868
0
0.6106
0.2571
0.1288
0.2354
0.23
0.2277
0.2503
0.1029
0.2728
0.3719
0.2274
0.2987
0.189
0.3061
0.2546
0.2077
0.2048
0.2304
0.22
0.1208
0.223
0.2279
0.1016
0.3373
0.2948
0.162
0.1104
0.3891
0.2389
0.2279
0.2008
0.2852
0.2173
0
0.2096
0.2475
0.0962
0.0938
0.2511
0.2206
0.5651
0.1896
0.3547
0.3216
0.2206
0.2144
0
0.5874
0.271
0.2534
0.1958
0.2468
0.2925
0.2388
0.1962
0.2623
0.2679
0.267
0.2729
0.2064
0.2102
0.2873
0.2409
0.2203
0.3256
0.2005
0.1927
0.2006
0.2703
0.2407
0.2382
0.2542
0.1387
0.3477
0.1944
0.2468
0.1599
0.2509
0.285
0.1892
0.1777
0.2253
0.1892
0.213
0
0.2236
0.1941
0.1033
0.3439
0.251
0.1805
0
0.2546
0.0827
0.2255
0.2263
0.2992
0.2198
0
0.15
0.2468
0.253
0.1636
0.2064
0.3018
0.3394
0.2653
0.2422
0.2515
0.2478
0.1758
0.2424
0.1872
0.3287
0.2475
0.2485
0.2588
0.2274
0.3588
0.1818
0.2036
0.2331
0.1739
0.1844
0.2282
0.2897
0.2735
0.2844
0.2897
0.2242
0.2766
0.2293
0.2115
0.1579
0.2469
0.2713
0.1557
0.1837
0.1878
0.2488
0.446
0.179
0.2372
0.2492
0.2982
0.4608
0.2206
0.2784
0.3454
0.2733
0.2192
0.2499
0.2004
0.2986
0.2331
0.2887
0.2575
0.2504
0.2207
0.2705
0.2411
0.1916
0.2701
0.2257
0
0.5513
0.2872
0.189
0.2932
0.1884
0.2466
0.0852
0.3016
0.2566
0.3314
0.1937
0.1356
0.2845
0.2506
0.2019
0
0.2304
0.1609
0.257
0.2181
0.2133
0.2307
0.7496
0.2272
0.2322
0.2257
0.1094
0.2404
0.047
0.2912
0.1403
0
0.2228
0.2984
0.2358
0.1761
0.204
0.2352
0.0608
0.2074
0.2589
0.2463
0.2236
0.3096
0.2836
0.2426
0.1647
0.2915
0.2365
0.4114
0
0.1673
0
0.2114
0.1337
0.267
0.2056
0.1769
0.2952
0.2384
0.2797
0.5354
0.2394
0.1962
0.225
0.2197
0.2393
0.2201
0.2217
0.1467
0.1858
0.3214
0.2583
0.2005
0.2386
0.4504
0.3937
0.1619
0.2569
0.2937
0.152
0.2681
0.1725
0.2197
0.4101
0.2891
0.2714
0.2813
0.1922
0.2334
0.2644
0.1893
0.259
0
0.2197
0
0.1341
0.2218
0
0.4179
0.2223
0.2645
0.2357
0.3204
0.2799
0.2873
0.1882
0
0.2619
0.3074
0.1133
0.3557
0.1774
0.1829
0.1003
0.2345
0.2634
0.2771
0.2332
0
0.2459
0.2015
0.2221
0.2459
0.1527
0.1811
0.2097
0.2542
0.1468
0.2615
0.2478
0.2723
0.2005
0.2064
0.1434
0.2452
0.2276
0.2431
0.14
0.1675
0.2674
0.2442
0.218
0.2689
0.2076
0.2517
0.2888
0.2238
0.2053
0.107
0.1779
0.2647
0.2334
0.2207
0.2433
0.2137
0.1802
0.1762
0.2212
0.2895
0.2136
0.1133
0.1564
0.2169
0
0.2063
0.1622
0.1833
0.234
0.3134
0.2334
0.2286
0.2373
0.1759
0.0476
0.3265
0.2554
0.2086
0.2455
0.3547
0.3027
0.2366
0
0.1467
0.2606
0
0.2622
0.2312
0.1826
0.238
0.2676
0.2241
0.2413
0.2259
0.2707
0.22
0.2394
0.2344
0
0.2574
0.2276
0.2276
0.2276
0.2276
0.2276
0.2276
0.2276
0.2276
0.2276
0.2276
0.2276
0.318
0.318
0.318
0.318
0.318
0.318
0.318
0.318
0.318
0.2384
0.2384
0.2384
0.2384
0.2384
0.2384
0.2384
0.2384
0.2384
0.2384
0.2384
0.2384
0.2384
0.2384
0.2529
0.2529
0.2529
0.2529
0.2529
0.2529
0.2529
0.2529
0.2529
0.2529
0.2529
0.2529
0.2529
0.2529
0.2529
0.2529
0.2529
0.2529
0.3051
0.3051
0.3051
0.3051
0.3051
0.3051
0.3051
0.3051
0.3051
0.3051
0.3051
0.3051
0.3051
0.3051
0.3051
0.3636
0.3636
0.3636
0.3636
0.3636
0.3636
0.3636
0.3636
0.3636
0.3636
0.3636
0.3636
0.3636
0.3636
0.3636
0.3636
0.3636
0.3636
0.3636
0.3636
0.3047
0.3047
0.3047
0.3047
0.3047
0.3047
0.3047
0.3047
0.3047
0.3047
0.3047
0.3047
0.3047
0.3047
0.3047
0.3047
0.3047
0.3047
0.3047
0.3047
0.3047
0.3047
0
0
0
0
0
0
0
0
0
0
0
0
0
0
0
0
0
0.334
0.334
0.334
0.334
0.334
0.334
0.334
0.334
0.334
0.334
0.334
0.334
0.334
0.334
0.334
0.334
0.334
0.334
0.334
0.334
0.334
0.334
0.2221
0.2221
0.2221
0.2221
0.2221
0.2221
0.2221
0.2221
0.2221
0.2221
0.2221
0.2221
0.2221
0.2221
0.2221
0.2221
0.3663
0.3663
0.3663
0.3663
0.3663
0.3663
0.3663
0.3663
0.3663
0.3663
0.3663
0.3663
0.3663
0.3663
0.3663
0
0
0
0
0
0
0
0
0
0
0
0
0
0
0
0
0
0
0
0
0
0
0.2342
0.2342
0.2342
0.2342
0.2342
0.2342
0.2342
0.2342
0.2342
0.2342
0.2342
0.2342
0.2342
0.2342
0.2342
0.2342
0.2342
0.491
0.491
0.491
0.491
0.491
0.491
0.491
0.491
0.491
0.491
0.491
0.491
0.491
0.491
0.491
0.491
0.491
0.3692
0.3692
0.3692
0.3692
0.3692
0.3692
0.3692
0.3692
0.3692
0.3692
0.3692
0.3692
0.3164
0.3164
0.3164
0.3164
0.3164
0.3164
0.3164
0.3164
0.3164
0.3164
0.3164
0.3164
0.3164
0.3164
0.3164
0.3164
0.3164
0.2692
0.2692
0.2692
0.2692
0.2692
0.2692
0.2692
0.2692
0.2692
0.2692
0.2692
0.352
0.352
0.352
0.352
0.352
0.352
0.352
0.352
0.352
0.352
0.352
0.352
0.352
0.352
0.352
0.1797
0.1797
0.1797
0.1797
0.1797
0.1797
0.1797
0.1797
0.1797
0.1797
0
0
0
0
0
0
0
0
0.3461
0.3461
0.3461
0.3461
0.3461
0.3461
0.3461
0.3461
0.3461
0.3461
0.3461
0.3461
0.3675
0.3675
0.3675
0.3675
0.3675
0.3675
0.3675
0.3675
0.3675
0.3675
0.3675
0.3675
0.3675
0.3675
0.3548
0.3548
0.3548
0.3548
0.3548
0.3548
0.3548
0.3548
0.3548
0.3548
0.3548
0.1453
0.1453
0.1453
0.1453
0.1453
0.1453
0.1453
0.1453
0.4019
0.4019
0.4019
0.4019
0.4019
0.4019
0.4019
0.4019
0.3231
0.3231
0.3231
0.3231
0
0
0
0
0
0
0
0
0
0.3164
0.3164
0.3164
0.3164
0.3164
0.3164
0.3164
0.3164
0.3164
0.38
0.2581
0.2581
0.2581
0.2581
0.2581
0.2581
0.2581
0.2581
0.2581
0.2581
0.2581
0.2581
0.3331
0.3331
0.3331
0.3331
0.3331
0.3331
0.3331
0.32
0.32
0.32
0.32
0.32
0.32
0.32
0.32
0.32
0.3674
0.3674
0.3674
0.3674
0.3674
0.3674
0.3674
0.3674
0.3674
0
0
0
0
0
0.3196
0.3196
0.3196
0.3196
0.3196
0.3196
0.3196
0.3196
0.3196
0.3196
0.3196
0.3196
0.2789
0.2789
0.2789
0.2789
0.2789
0.2789
0.2789
0.2789
0.2789
0.2789
0.2789
0.2789
0
0
0
0
0
0
0
0
0
0
0.38
0.38
0.38
0.38
0.38
0.38
0.38
0.2282
0.2282
0.2282
0.2282
0.2282
0.2282
0.2282
0.2282
0.2282
0.2282
0.2282
0.2282
0.2282
0.4855
0.4855
0.4855
0.4855
0.4855
0.4855
0.3177
0.3177
0.3177
0.3177
0.3177
0.3177
0.3177
0.3177
0.2676
0.2676
0.2676
0.2676
0.2676
0.2676
0
0
0
0
0
0
0
0
0
0
0
0
0
0
0
0
0
0
0
0
0
0
0
0
0
0
0
0
0
0
0
0
0
0
0
0
0
0
0
0
0
0
0
0
0
0
0
0
0
0
0
0
0
0
0
0
0
0
0
0
0
0
0
0
0
0
0
0
0
0
0
0
0
0
0
0
0
0
0
0
0
0
0
0
0
0
0
0
0
0
0
0
0
0
0
0
0
0
0
0
0
0
0
0
0
0
0
0
0
0
0
0
0
0
0
0
0
0
0
0
0
0
0
0
0
0
0
0
0
0
0
0
0
0
0
0
0
0
0
0
0
0
0
0
0
0
0
0
0
0
0
0
0
0
0
0
0
0
0
0
0
0
0
0
0
0
0
0
0
0
0
0
0
0
0
0
0
0
0
0
0
0
0
0
0
0
0
0
0
0
0
0
0
0
0
0
0
0
0
0
0
0
0
0
0
0
0
0
0
0
0
0
0
0
0
0
0
0
0
0
0
0
0
0
0
0
0
0
0
0
0
0
0
0
0
0
0
0
0
0
0
0
0
0
0
0
0
0
0
0
0
0
0
0
0
0
0
0
0
0
0
0
0
0
0
0
0
0
0
0
0
0
0
0
0
0
0
0
0
0
0
0
0
0
0
0
0
0
0
0
0
0
0
0
0
0
0
0
0
0
0
0
0
0
0
0
0
0
0
0
0
0
0
0
0
0
0
0
0
0
0
0
0
0
0
0
0
0
0
0
0
0
0
0
0
0
0
0
0
0
0
0
0
0
0
0
0
0
0
0
0
0
0
0
0
0
0
0
0
0
0
0
0
0
0
0
0
0
0
0
0
0
0
0
0
0
0
0
0
0
0
0
0
0
0
0
0
0
0
0
0
0
0
0
0
0
0
0
0
0
0
0
0
0
0
0
0
0
0
0
0
0
0
0
0
0
0
0
0
0
0
0
0
0
0
0
0
0
0
0
0
0
0
0
0
0
0
0
0
0
0
0
0
0
0
0
0
0
0
0
0
0
0
0
0
0
0
0
0
0
0
0
0
0
0
0
0
0
0
0
0
0
0
0
0
0
0
0
0
0
0
0
0
0
0
0
0
0
0
0
0
0
0
0
0
0
0
0
0
0
0.0673
0.0673
0.0673
0.0673
0.0673
0.0673
0.0673
0.0673
0.0673
0.0673
0.0673
0.0673
0.0673
0.0673
0.0673
0.0673
0.0673
0.0673
0.0673
0.0673
0.0673
0.0673
0.0673
0.0673
0.0673
0.0673
0.0673
0.0673
0.0673
0.0673
0.0673
0.0673
0.0673
0.0673
0.0673
0.0673
0.0673
0.0673
0.0673
0.0673
0.0673
0.0673
0.0673
0.0547
0.0547
0.0547
0.0547
0.0547
0.0547
0.0547
0.0547
0.0547
0.0547
0.0547
0.0547
0.0547
0.0547
0.0547
0.0547
0.0547
0.0547
0.0547
0.0547
0.0547
0.0547
0.0547
0.0547
0.0547
0.0547
0.0547
0.0547
0.0547
0.0547
0.0547
0.0547
0.0547
0.0547
0.0547
0.0547
0.0547
0.0547
0.0547
0.0547
0.0547
0.0547
0.0547
0.0547
0.0547
0.0547
0.0547
0.0547
0.0547
0.0547
0.0547
0.0547
0.0547
0.0547
0.0547
0.0547
0.0547
0.0547
0.0547
0.0547
0.0547
0.0547
0.0547
0.0547
0.0547
0.0547
0.0547
0.0547
0.0547
0.0547
0.0547
0.0547
0.0547
0.0547
0.0547
0.0547
0.0547
0.0547
0.0501
0.0501
0.0501
0.0501
0.0501
0.0501
0.0501
0.0501
0.0501
0.0501
0.0501
0.0501
0.0501
0.0501
0.0501
0.0501
0.0501
0.0501
0.0501
0.0501
0.0501
0.0501
0.0501
0.0501
0.0501
0.0501
0.0501
0.0501
0.0501
0.0501
0.0501
0.0501
0.0501
0.0501
0.0501
0.0501
0.0501
0.0501
0.0501
0.0501
0.0501
0.0501
0.0501
0.0501
0.0501
0.0501
0.0501
0.0501
0.0501
0.0501
0.0501
0.0501
0.0501
0.0501
0.0501
0.0501
0.0501
0.0501
0.0501
0.0501
0.0501
0.0501
0.0501
0.0501
0.0501
0.0501
0.0501
0.0501
0.0836
0.0836
0.0836
0.0836
0.0836
0.0836
0.0836
0.0836
0.0836
0.0836
0.0836
0.0836
0.0836
0.0836
0.0836
0.0836
0.0836
0.0836
0.0836
0.0836
0.0836
0.0836
0.0836
0.0836
0.0836
0.0836
0.0836
0.0836
0.0836
0.0836
0.0836
0.0836
0.0836
0.0836
0.0836
0.0836
0.0836
0.0836
0.0836
0.0836
0.0836
0.0836
0.0836
0.0836
0.0836
0.0836
0.0836
0.0836
0.0836
0.0836
0.0836
0.0836
0.0836
0.0836
0.0836
0.0836
0.0836
0.0836
0.0836
0.0836
0.0836
0.0836
0.0836
0.0836
0.0836
0.0836
0.0836
0.0836
0.0836
0.0836
0.0836
0.0836
0.0836
0.0836
0.0836
0.0836
0.0442
0.0442
0.0442
0.0442
0.0442
0.0442
0.0442
0.0442
0.0442
0.0442
0.0442
0.0442
0.0442
0.0442
0.0442
0.0442
0.0442
0.0442
0.0442
0.0442
0.0442
0.0442
0.0442
0.0442
0.0442
0.0442
0.0442
0.0442
0.0442
0.0442
0.0442
0.0442
0.0442
0.0442
0.0442
0.0442
0.0442
0.0442
0.0442
0.0442
0.0442
0.0442
0.0442
0.0442
0.0442
0.1108
0.1108
0.1108
0.1108
0.1108
0.1108
0.1108
0.1108
0.1108
0.1108
0.1108
0.1108
0.1108
0.1108
0.1108
0.1108
0.1108
0.1108
0.1108
0.1108
0.1108
0.1108
0.1108
0.1108
0.1108
0.1108
0.1108
0.1108
0.1108
0.1108
0.1108
0.1108
0.1108
0.1108
0.1108
0.1108
0.1108
0.1108
0.1108
0.1108
0.1108
0.1108
0.1108
0.1108
0.1108
0.1108
0.1108
0.1108
0.1108
0.0465
0.0465
0.0465
0.0465
0.0465
0.0465
0.0465
0.0465
0.0465
0.0465
0.0465
0.0465
0.0465
0.0465
0.0465
0.0465
0.0465
0.0465
0.0465
0.0465
0.0465
0.0465
0.0465
0.0465
0.0465
0.0465
0.0465
0.0465
0.0465
0.0465
0.0465
0.0465
0.0465
0.0465
0.0465
0.0465
0.0465
0.0465
0.0465
0.0465
0.0465
0.0465
0.0465
0.0465
0.0465
0.0465
0.0465
0.0465
0.0465
0.0465
0.091
0.091
0.091
0.091
0.091
0.091
0.091
0.091
0.091
0.091
0.091
0.091
0.091
0.091
0.091
0.091
0.091
0.091
0.091
0.091
0.091
0.091
0.091
0.091
0.091
0.091
0.091
0.091
0.091
0.091
0.091
0.091
0.091
0.091
0.091
0.091
0.091
0.091
0.091
0.091
0.091
0.091
0.091
0.091
0.091
0.1299
0.1299
0.1299
0.1299
0.1299
0.1299
0.1299
0.1299
0.1299
0.1299
0.1299
0.1299
0.1299
0.1299
0.1299
0.1299
0.1299
0.1299
0.1299
0.1299
0.1299
0.1299
0.1299
0.1299
0.1299
0.1299
0.1299
0.1299
0.1299
0.1299
0.1299
0.1299
0.1299
0.1299
0.1299
0.1299
0.1299
0.1299
0.1299
0.1299
0.1299
0.1299
0.1299
0.1299
0.1299
0.1299
