13.62
13.903055577564162
14.095607263636278
14.03329398383224
13.742946164506916
12.911976448286694
13.91550567269215
14.2
13.612205352568493
15.019615434489072
13.33212635882879
14.29190508698845
13.282766720367123
13.521278758538847
13.1
13.010952172465695
12.705582824450968
12.519435215744092
12.475549431437468
12.627354490319625
12.196304313558688
8.48
8.349692143266104
9.136514540288655
8.394728785892502
8.332584494240152
9.324308849384357
9.159766726739221
11.98
11.594116816516205
11.746399695712832
12.00089282378831
12.41118456872459
12.751772118015742
11.949840347655199
12.633961917873819
11.410558493128562
13.21
12.381010306101452
12.33942037061169
13.504615331210134
12.752529774396853
12.221364291503441
14.071898394531898
14.041461855102531
13.22
13.30480102546867
13.761533285566388
14.127947406323658
13.877629288143051
13.471333458340034
13.30959500992213
12.256066178576827
12.987441732579772
12.688284089707468
13.33465139638089
9.55
8.630716110870857
10.054015145490766
8.904066590253244
9.826121724173861
9.123360704593928
8.64098524106459
9.991740304254453
8.666908935876412
9.583225421974952
13.42
12.475564653039925
13.960809228367653
14.263473298003902
12.915572474476438
12.5021477660845
12.937085019216747
14.079535227797688
13.829407984527172
14.36963372126308
13.764000289145978
12.843406085955332
12.723796582899045
6.35
7.173403480395061
6.62435950063904
6.78384410822667
6.16568460133491
7.189872679864331
7.122950545534608
6.013232382098268
6.526209200685423
6.04479378186916
6.108982743842014
5.561242748930605
5.8788034262273685
5.926710156882202
12.65
11.88299386059714
13.462916525737521
12.2981299331048
12.479611152680734
12.49100661694281
13.629621572079841
12.1
13.041673819378909
11.821033009707978
12.996780975978048
13.004912454685556
12.710318529573252
11.109255864590775
11.339456156873737
12.023200876187822
12.308753444105415
12.534586209203944
11.513931185766202
13.2
13.326552513743056
13.256081310826788
14.47
15.190359725928248
14.297783334494802
13.982539556124646
14.805316359830861
14.693851156690862
14.07474349124719
13.854460796704869
15.439959839418103
13.800980729545612
8.8
8.636507084460014
9.677205661213426
7.8990538759941895
9.458163778175642
9.783468820354944
8.802173583582505
9.087018828287833
8.777601067938981
8.888733000210758
12.94
13.645376969422827
13.721240146934266
12.875689307195326
13.45881217259078
12.297057293444503
13.71
14.44465010222509
14.138157890545914
12.811092217279104
14.563891369140821
12.770202361999003
14.268061756831155
14.323410020104768
13.706128595671947
13.41
13.547544482145998
14.018285961347773
13.955467033481854
13.841900615352785
14.188853066481222
13.223092738214337
13.438648471038729
13.56
12.922873183590653
12.82239449209926
13.438763173513436
12.612211711816615
13.17
13.456428466148456
13.395824251989652
13.148571558618052
13.42422676276665
12.90792225663678
14.079802495376951
12.26161960143865
13.968254960638466
13.255605361842393
13.095370639992623
13.450980084583511
16.13
16.46446015176376
16.423936916151934
16.7312565322629
17.043876271592104
16.2341099023505
12.37
13.032166219350708
12.996418359835927
11.44703051893164
11.424607812196879
12.117446801846466
12.819612045624051
12.18595211342996
12.5381790669121
9.17
9.025245294337484
8.401885368635293
9.587451110852802
8.348377118757803
8.523946198278187
9.55
9.287323543154029
10.400747354763173
10.164726937347986
12.26
11.845529744458942
12.676243986229498
11.285708353831383
12.187629132435571
12.073534144089345
12.901679790946144
13.025014216172803
12.200966235633759
12.899217427757614
12.164281163006054
12.69910476412111
11.918680598014507
12.594854501089397
12.164935931098318
12.915681914555023
12.707970460094558
12.677278303318037
12.07728315823467
11.45142826376723
13.137528754858877
12.64059568412063
4.21
12.38
11.856751236623404
11.844207506406137
13.366140118757293
13.242677578504566
13.258066683364259
11.615939926579236
11.95020462798518
13.088092558278518
12.244334224649712
12.451186988473003
11.538149411505119
12.48847215615152
12.13956063642774
13.008087936828723
13.084102125340552
12.69507684534493
12.63737981746854
11.572380608520891
12.459739896510413
12.83244134981433
11.843053237783153
11.82644416896948
13.20071577341415
13.092551627747518
11.968956427922118
12.389630944260492
13.273563480510294
12.513153605681168
11.88302828850586
12.908056643830523
12.498338262337722
12.08713020611579
13.237995055987941
12.580616249246528
12.163268996036525
11.718358342056746
11.40766033114385
12.320015049817025
10.39
10.255287188830067
10.524101437085783
10.544157524536455
10.36808572139509
10.935786495066914
10.648245734761241
11.244176968681021
10.239631191873336
10.645585551198101
9.736656279878302
9.534718405397312
10.59643294340397
10.96718151337123
9.451005635720133
10.41191716312898
10.375184050716209
11.065046146754453
10.368967374887776
9.70641014908281
11.276307674082084
9.83050539457558
11.24921967520845
9.556272680402989
10.576524816909147
10.82768893253843
10.404727717090973
10.721829329088717
9.83737525273974
9.516539983494157
10.282557453160834
10.748311076097178
10.317238335205255
10.757693484890302
10.651952382774418
9.522490902368242
10.554480567069163
10.368855731708887
10.881423186138449
4.21
4.002273868846238
4.328849212773175
5.104121796333317
3.6716920813265475
3.6544620751048518
4.384402637326692
3.5628323549115075
5.119505140446553
5.174427997218723
5.011785022585079
4.482027002260823
3.6807244510178156
4.710993835553138
4.827688854763423
4.445003618471646
5.047777462426442
4.710200098804902
3.5014315687191457
3.76298305185953
3.5675695576735698
3.6795396068857045
3.274520432287967
4.522440679729138
3.2363166323694594
4.751691650692563
4.528307173827335
4.127000213896711
3.592664756989193
4.460899871813403
3.648772602101192
3.9893536472766367
9.46
8.691297787376858
8.979384180422475
9.48814273685496
9.550816512900244
9.744963220553688
9.709022095117952
8.565110832020398
9.559370639884637
9.36289286956494
9.744497209208815
9.96644677238456
8.541205042935646
8.774802512984657
9.357191928528044
9.528501671842754
9.830989063018045
8.832457829813011
9.167007764413237
10.082830625707796
9.09982688039561
10.160303822680621
9.45088592211105
9.188131367202644
9.356827758214843
10.352969631742766
10.047097126041034
8.686310985860615
9.503703684659275
10.117931930459035
8.745168783056636
9.292186221761519
9.22077500463314
10.034541521790674
9.190361145260294
9.336076249790404
10.041494735872245
10.255690060919038
13.17
13.128236398435625
13.713622959207598
12.659754713008413
13.042998317994984
12.728568959464278
12.634238313372856
12.62948095892083
12.246329048421488
12.45620626825677
13.886244725420925
12.356908074101474
13.202725024475686
13.065497044799598
13.110822255033504
13.986963767146497
12.294123026343605
13.269399658893505
12.420802617303437
13.386519068449303
13.301368526675477
12.301923824529684
12.507106245297223
13.588839576540096
12.974998256774024
13.688601763252892
12.897450086335525
12.290432684421523
13.982611405791099
3.53
5.53
9.18
11.13
9.39
9.12
9.098451704280794
10.18
10.62
8.08
11.47
7.78
9.62
11.3
12.88
10.34
10.22
10.42
11.26
7.72
11.49
10.62
10.81958914759089
9.98
10.3
11.26
8.8
12.5
12.17
8.49
12.07
11.56
11.27
11.66
11.64
9.78
8.85
7.88
11.38
12.62
13.37
8.61
11.45
12.34
8.48
12.66
9.92
7.68
9.01
13.68
11.13
12.4
13.04
8.77
7.863886071422445
9.47
12.45
8.97
9.679376213139555
12.0
11.7
12.03
12.96
13.07
11.07
7.26
13.17
12.38
12.87
12.762521886707809
13.26
12.04
11.348467962026325
10.57
7.9
11.77
10.984743786842738
14.19
8.91
13.95
12.8
11.01
12.8
10.29
13.78
14.25
13.1
13.84
11.91
9.92
12.95
12.77
6.86
12.08
9.08
12.53
14.03
12.64
8.65
12.43
12.54
12.29
11.620334824322743
12.77
8.56
11.27
12.46
12.304604087141994
9.28
13.9
12.5
7.46
13.05
7.56
8.99
8.43
9.124597874964701
13.09
15.47
12.72
10.39
9.23
9.18
12.65
12.31
9.79
13.1
14.65
12.26
14.16
11.78
12.529436581213655
8.03
7.491134675432576
13.7
7.63
12.84
11.77
13.18
8.19
13.98
8.67
9.82
12.17
13.36
13.12
12.81
13.19
12.66
12.79
13.25
12.11
12.467708218767653
6.49
11.51
13.21
13.35
13.05
13.46
12.91
11.81
12.51
13.31
13.97
9.49
9.81
8.02
13.21
13.43
12.78
10.27
13.21
13.05
10.93
12.93
8.77
13.7
7.84
8.76
13.26
9.6
9.968777160578538
9.35
9.97
13.28
8.68
11.7
8.77
10.23
13.23
10.23
10.68
9.37
8.2
10.54
9.42
8.55549166462116
11.48
7.95
9.56
12.89
12.13282857037772
13.85451408167392
12.940975423418926
13.402137282115328
13.552578452462717
13.290045194828242
12.407440565207661
13.588054275349272
12.843373151686185
12.958074627703509
12.135390571302723
12.79582802020774
12.466771194906874
12.996659698396739
12.383695941735828
13.760067818555594
13.241820136251897
12.4360620033202
12.135178807264758
13.274879606644925
12.538184219325245
12.983179800298746
13.211621684128133
13.4765024860245
13.063870872160736
11.98621356784825
12.824165606888595
13.870115632223435
13.17324914672114
12.927600417903218
12.07905908449581
12.582330794589131
12.492242664914086
13.087666004176985
13.381333166838488
13.08085310687317
12.92830339849069
12.99934504512631
13.489692114066862
12.252194980729177
12.003445066224675
11.896138105005383
13.800224963784004
11.98349548116394
13.498783304734266
12.176852207242636
13.152062568141327
12.712007244050291
13.138688824872451
12.367541999306718
12.371113170629517
13.310431886059057
13.700691104237709
12.218088892244952
12.843911901669134
13.371269474312584
13.545840795129402
12.989771926580001
13.365438499609617
12.930109915251617
13.21441257133393
13.630807457077552
13.398524708512305
13.336305696387313
12.200529991567585
13.826969829919513
13.624017900692381
12.054889411358753
11.898273638250254
12.853884020458393
13.261007119632351
13.628011007033523
13.408271729405183
12.933834788398674
13.412993198838723
12.318927420542174
13.279905082813839
13.830231345205318
12.04902823776747
12.959151020481528
13.407042056173081
12.18197346957847
13.777585338740373
13.031437177117263
13.5070435435555
12.908383396034207
13.147645648366534
12.99362878102278
13.64121317221354
12.651444097228307
13.41017958255973
11.957165500180913
12.82912612409274
11.912861284051665
12.016723486876167
12.365447269780585
12.631840878472076
13.719063054917012
12.349125747647395
12.446945055103132
13.123783281987969
13.332222360693265
13.110445449132383
12.343786680568543
12.922571295608476
13.492189367061115
12.889202803024835
12.216733263752838
12.360969674279144
13.231463908078489
13.572454181919953
13.301244493253847
13.418661125571438
12.735389857994592
13.14953850133583
13.830847262663594
12.488260746137861
12.75418321779413
13.354314858205182
13.268222693359593
13.428338118739482
12.870921840998097
12.597370099644346
12.642871652653621
13.780927837607441
12.146290067855901
12.176768216472265
12.524683200606987
13.227713706663895
12.646226982255127
13.85537584496265
13.229309035090623
12.78724738771761
13.83055554900585
13.57029926703631
13.238343008026085
13.537614116656375
13.488304848999611
13.349023816976835
12.675658908913617
11.944672530517492
12.219638701325405
12.557677322937309
13.254363071129792
12.573030346075342
13.620096120580206
12.735608673972855
12.749949277154172
12.15044733086776
11.998286943743905
12.029666584641282
12.655439023852102
13.575822282823296
13.336124001209894
12.205566552065976
12.738428621755165
12.938795045993684
12.394371420297244
12.41735399831276
13.434706277716318
13.147978378547263
13.12432370370308
12.475091963268989
12.396425009069473
13.137599319999225
13.881301728678016
11.89046061427462
13.612948374462693
12.868678341366092
13.395702391293671
13.270777311402407
13.365677663100083
12.66988921240644
13.059059870100011
12.305189903373911
13.828934432754576
12.123629453325595
11.973289477233243
13.798718617960766
12.869536116549268
12.999681399695517
13.842723520165801
13.40259818385666
12.618804769686282
13.550865303537252
12.041386292906754
12.222603730269824
13.088942105512164
13.72345267118002
12.669243587984665
11.98041349735854
13.815206143092409
12.203164703239345
12.27746382852533
13.48795703642424
13.137641882816913
13.218223132783038
12.470497828274162
12.270569468104325
10.86
8.41
9.75
8.77
7.62
7.14
9.6
9.05
8.2
9.79
10.91
9.79
10.01
9.394796745947925
7.37
7.2605727392865065
9.69
8.61
9.39022987581993
9.040042367432148
6.83
7.21
8.82
11.55
13.46
11.68
10.692830614299025
8.46
13.16
8.13
8.22
8.37
11.91
11.514282245908053
7.71
7.102859531166064
8.71
8.36
10.96
8.94
9.325655033581453
8.795559489004857
9.74
8.09
8.590796126964735
11.76
11.495831871462647
8.29
9.68
8.977484355429299
12.07
12.06
12.21
8.27
7.38
11.89
7.83
9.18
8.42
11.47
9.51
5.84
10.13
15.14
8.04
12.12
10.87
8.08
9.21
7.79
7.87077865800542
9.47
10.178438786872116
13.24
8.8
12.18
12.07
10.24
12.76
9.1
13.05
11.73
11.66
11.65
9.79
8.63
10.27
8.93
9.174588336161474
11.54
12.73
13.79
14.384562626184593
9.21
10.199548195516229
13.02
13.74
12.81
8.69
11.57
12.63
9.04
12.85
13.04338403603048
8.55
12.21
9.93
7.71
9.8
8.41
10.48
11.469102684247773
9.546006511814932
11.45
8.57
13.57
7.44
8.34
12.44
9.59
12.49
12.438035067169759
12.43
13.33
8.96
12.6
13.37
10.01
9.94748876883192
14.07
13.074178848994867
7.18
8.86
7.18
7.86
8.59
9.54059538380846
8.321062643868888
9.07
9.12
7.86
8.58920343593931
9.32
12.78
9.32
9.192407776136488
7.58
13.21
12.82
7.83
7.132807954421892
13.45
14.0
9.04
9.43
9.04
12.99
8.81
13.9
13.76
12.8
12.91
9.54
12.08
9.54
13.21
8.16
12.89
9.84
8.72
13.21
12.745262472341867
13.09
10.36
9.64110572587094
13.3
9.27
10.2
7.72
8.39
9.5
9.145688355811789
9.738919340202392
8.39
11.83
11.314269423014952
9.38
7.75
11.56
11.506143367674976
12.163894156511704
10.35
8.89
11.31
11.414113426662244
10.09
8.05
8.9
12.63
12.869999471694213
6.54
5.621716660706102
6.161570176377612
7.2425452492678115
7.39183307657579
6.641385736238478
6.753916831306757
7.234000923128683
6.733868212432138
7.217382807464155
6.677824305724332
7.336695853814824
5.793726305672014
6.178338665180748
7.105871661708883
6.372458595889131
6.830005701544137
7.307683299446635
5.788784132856921
7.326689740984459
7.386293742828995
5.984521676245114
7.151380353145961
7.234872831617413
7.258820843059508
7.317656966444094
5.882289067893141
7.4341002606988305
6.866848894208376
5.7164526143565775
5.590541680208787
5.766604776067742
5.795868477650045
5.999015839781723
7.243781994167519
8.55
8.404623236411618
7.639876237966077
8.958861749045882
7.644850240189576
8.662870646978352
8.73833390492933
7.744181102288644
8.534537649617016
9.24629160605656
9.000089013946326
9.046430349256163
9.011882656198598
8.772810848911158
8.444165510655699
8.629520821517971
8.24353110358534
7.641256243876647
8.636226829117518
7.654103723974041
9.262927486575263
9.173568655166871
8.438742656657878
8.020640722020188
9.058838597622737
9.286034313799888
9.016600859611199
7.8497938680847605
9.30615182947234
8.628887578113321
8.979825879681783
7.838413669769617
9.280857954515184
9.252082090053559
10.46
9.858662830387088
10.662630630502818
10.425496235270213
9.582201788693549
10.392221344231732
10.18042340567066
9.55467526418443
10.075981325076052
10.322446335013337
10.83174785998394
9.67571631773033
10.526054119531064
10.032792655778916
10.299165221067778
9.995899480769669
10.238190327177637
10.963941876815422
10.062255247716129
10.232273565360057
11.19795851532115
10.795157856376491
9.946065325840118
9.601634957188788
9.567611033104761
11.12910084670925
10.074318505776214
10.777367056670641
9.740244335228896
9.85838070799976
10.28
10.00433001850176
9.810868206407378
10.29378249934459
9.557403323460509
10.028961565838738
9.711827596686819
11.0085700141053
10.234947109640474
9.543720272295719
10.78972634960115
10.68767767853946
10.366433560482681
9.941739598406054
10.73711990629319
9.31660410733823
10.7528035103172
9.905347141480325
10.07523904766406
10.040984378645222
10.481286237878596
9.851151006180418
10.199904969934908
10.472273855628014
11.209702220028966
9.939141581290897
11.141538368245463
10.49702865101992
11.256708380037123
10.933729859786677
10.349945843734668
9.788909025717592
9.12
9.343037794719287
8.655480657494834
9.75869282936933
8.712048942460079
8.136762880510664
8.256852637738694
9.204209575746745
9.256596675396919
8.659901809870307
9.814024967373065
8.75113149404351
9.712600620850083
9.626943300834125
8.580228572469132
9.261172648667984
8.833985058538097
8.437780265255787
8.704098131027425
8.592380845591851
9.792358694534315
10.115637349509685
9.957599525778917
8.625726782263108
9.410123660807134
8.800932924480357
9.624677750014193
8.826202796635698
10.93
10.229258886102661
11.107813911511359
9.991017858694798
11.127539913645968
10.906455754951995
11.135019108225595
10.37342952598355
11.272610194358547
10.301479921075979
10.652726941064085
10.213398387979561
10.17667055429081
11.732249656757073
10.453234303616554
11.042823232941062
10.183007942406743
10.32822464319567
10.157183279934593
10.512784630290021
10.85983187818747
11.90003552353073
10.148508455904885
10.466592269935866
10.734431370607965
10.532281559763977
10.838021466348696
10.265674139006034
11.915933102354625
11.184480849684542
11.003695940114733
10.740107486954546
11.20268935073471
10.076358572994387
10.008231604250781
10.10688775154917
11.271500247537661
11.20183548870055
10.10298655258374
10.84232569134994
10.166176251404737
12.14
12.789170238465987
12.163229930587994
13.046926756365263
11.649411230562627
11.407083195847683
11.851583939840785
11.278847131906568
11.391136442430703
11.990928328152256
13.02781901032902
11.895144521709156
11.209832318124375
12.159081673556065
12.057797081797428
12.251626410054573
12.853741902211713
11.639762033687527
12.418871625786425
10.84
10.374835672471452
9.969744931660449
10.223116493786357
10.536606586783305
11.167781897230814
11.089641370304681
9.960760473359116
10.759407375779437
11.033689293728349
10.05790320664503
11.422243770099774
11.70223599969177
11.778929926971625
11.558511529360752
10.348382992042971
10.05381150357432
10.0597661649965
11.269649750448258
10.665311568953108
9.863667237497726
10.5489440725151
10.996704113225421
10.929863927844035
10.935298081177228
10.950027974114033
12.4
12.502353088610496
11.648905727834805
13.32071940167405
12.377014945955004
12.740532880386182
12.827381206580338
12.978292723563072
12.212770584661964
11.573292478643479
12.943885815900883
12.774990756164703
12.51826966492342
12.56426873427903
11.8424276057188
11.703938079463127
13.108674914970283
12.776991293041762
13.396742634181138
11.63230938731703
12.021030950086926
12.348207019055705
12.72723679024849
11.820333510612013
13.348000945141834
13.036252048872868
9.28
9.1340286469182
8.425233914067803
8.995625378330939
9.292297261480691
10.044896293046987
9.22062649639151
8.644764282748472
9.112687996088145
9.868240694161596
8.649875980703388
8.29174301693371
9.172367569649857
8.995776714830923
8.870491271380391
9.948259993213263
8.586574569968866
8.366784104578366
8.98412945958353
9.602262134798803
8.754319542670522
9.294232438312273
9.924337353307761
12.73
12.931317780845433
12.771631985525438
12.338674665048984
12.306775709125656
13.662081214280207
13.237894130375235
13.345729460496985
11.996576411882634
12.316952983897163
13.336803711329857
12.290667142620492
12.505646183730539
11.820128258171872
12.41035435475263
12.759301390160731
12.01062490656693
12.311582052785157
13.307570712363862
12.977766350524647
12.83958016869961
12.67473557330418
13.254278697376355
12.865399251591727
12.822199840902538
9.79
9.134844265323016
9.265697868861873
10.355979204580251
9.810198907209214
9.543684782562373
9.791372911488429
9.539247165278626
10.467595805263791
10.256281991658906
10.189376680695363
8.862853094269013
10.748748309751155
9.148673238092844
9.958686454864674
10.774296276357143
9.480616786847083
9.29741482084943
10.177997422114563
8.853251152628355
10.219035557496149
10.195984306609725
11.2
10.540316440708004
11.917965309180213
10.276191536924843
11.0158332065547
11.270921669372317
11.976443489095978
11.756475171346782
11.397806811352051
10.955635071728894
11.923542406270851
10.701381142355205
11.73028407341151
11.178973216541976
10.206477565802013
11.69824094491605
11.814971028729756
12.123992284909075
12.058715487647166
11.128821050411634
11.26476418258932
6.92
7.456186871456756
6.195717704935253
7.264593945672862
6.41918717689801
7.214127050981951
6.927499057838948
6.470083904450691
6.655790285555778
6.903136041999571
6.1884515255746
6.869752603421951
5.950123981897208
6.0629393275003745
7.780407378447477
7.866035690667301
7.06971706128284
7.064443303024296
6.0479161903874035
6.8569281909761814
6.453924770321111
7.69
8.629663028288583
7.627381312466737
7.0119993791291835
7.970081407051518
7.521679614068324
6.743947193656924
7.2767523417326405
8.265962034288988
7.412109423898041
7.087854098933401
7.7031483295412615
6.771808769276312
7.843536608712382
6.8747258085674385
7.92927594194561
7.449822754752132
10.24
9.79430870289206
10.727881655588403
10.9685744396322
10.45024069827357
9.365553568228417
10.74173360221992
11.15506330888508
10.92350907945195
9.288643584847794
9.926269946049564
10.281525351099432
9.397356143730484
9.754312601190549
9.423566189949591
10.434098790414845
9.365280664476462
12.02
11.397295418153819
11.935918199280735
12.107927302509285
11.41
11.673655232203254
11.80198134346761
12.369529748717335
11.231255426016526
12.16708262605156
11.922937651779842
11.571032616610887
11.95156279197753
11.474180313502242
12.204943380642518
11.551802697444792
10.592523784670513
9.0
9.169139664103085
9.361842954677263
9.65644908825198
8.429180044593219
9.023909917519413
8.858184491766117
9.957309608188558
8.304384064126067
8.796767364971048
8.34727201784175
10.66
11.645481764854386
9.923989904227115
10.92858536332625
10.778752827412408
10.217697159219728
10.880636471296434
11.408109913468158
10.906612810705766
10.490724115447037
10.149554679497042
11.315844419099147
5.2
4.3382420769951064
5.0889495470029456
5.5699781271405095
5.7334617649085615
11.13
10.667936769059688
11.350537434461536
10.249700583117281
11.563750882907048
11.879271671216856
10.635896276783612
11.87887091776799
10.519583761923396
11.432600914675549
10.62
10.274936718848997
10.826043054186451
9.621485165992686
9.681314775371035
7.79
7.33150366892594
7.741608823871426
8.433827799255669
8.550221451075155
8.225025781102728
7.230187218545748
8.329243838601126
8.745229195000045
7.484764566838885
11.55
10.865476594635213
11.977461842306266
12.027068653081352
10.663288646858245
11.21958030195666
12.211812795202055
11.118008962995361
11.503481688225168
11.355482418113215
10.94
9.971537030670246
10.455659329090874
11.776855138547772
10.102490165369915
10.470820925220652
11.447579704438775
10.757179643457576
11.106680948857687
11.225385440772675
11.67606913654953
11.85677756043604
11.355457253012563
10.78
9.866934261195013
10.041122770020495
11.500344240505909
11.34194733822047
11.755276160518967
10.107810056518074
10.39521819974329
11.127471101869649
11.478602638315802
10.810933700332079
11.507267710690401
10.945759356966748
13.77
14.444740450177353
13.36308358972613
13.030702829785904
14.736400050855673
14.654898800438009
14.669101813470546
13.264354523495411
14.220825368926675
13.500098803320869
13.227050241178894
13.913995927741057
13.7237771406662
14.304861565662138
14.680899091128428
12.9
12.76891243857108
12.447326519238626
13.679506967986038
12.755305270927098
11.972032213514726
13.262395866663946
11.92617799168335
13.463803757177976
13.746597151378168
13.079019968926616
13.13028358055751
13.84
13.711959926201681
14.769474899684047
14.821618821711994
13.962556701001976
14.431221127314865
12.86
11.998284991184443
13.060037461181704
13.57075833965297
12.105792395518389
13.818782681007223
12.477665143579753
13.10157339645109
12.16
12.744754899637755
12.739912103365356
11.355848237267963
12.685027110431532
12.375725553134613
12.012523598419437
11.300570576998561
12.834662052488929
11.392917805349516
11.364652869082368
11.957483570248296
11.594499497949288
7.96
7.983823564208882
8.31437404038132
8.830764378124385
7.454361523216942
7.789943922439083
7.122796257958116
13.08
13.462785269577973
12.641040091644404
12.949119478907512
13.551612445708969
13.355514993840846
12.153542550400553
9.54
9.769194867422275
10.077568138117968
10.383437931460215
9.152104778944727
8.774523025087154
10.168243172729083
10.05303944671534
9.939216578074856
9.25
9.61426177622771
9.383732296807823
9.728075885167518
9.576048263619697
9.979919488157945
9.648173258068628
10.216728730625896
8.767597694945568
11.53
12.207758240323395
10.8124842754293
11.807666545843636
11.366043675894426
11.034366324200795
11.052394804756766
11.88
11.386955072429217
12.87322932093642
11.782221370067484
12.771767425712902
11.98427202558078
8.76
7.854604674686437
8.402713099328391
9.18374437387092
8.78549675885027
8.2154665075692
11.94
11.458611821087535
11.953753870352248
12.868763211300834
12.506995847828769
11.179214857368885
12.797532424524427
11.372546954715443
11.83742888109257
11.290233559166058
11.959861968216027
12.632580619396236
11.554032744645218
9.1
8.594829943380855
9.966385545151539
8.941623896125405
8.7572762381598
9.05264812677812
9.405620049320351
9.583717840326477
8.135419261931208
8.288714990560946
11.93
12.330300381682827
11.176649773013946
11.878761590780401
11.451121401409896
11.78
11.050312941036886
11.75828241968217
12.566818612481569
12.43
13.265346411038204
12.39014745932662
12.081598153272651
11.618541810854806
12.025842278882163
12.708188633143713
12.86
13.478123497696215
13.843570751331784
13.266872558392047
13.655418762759753
13.71330302775805
12.910823520426007
11.85
12.387008880852811
11.38006693768608
10.951974872969519
11.626683078214658
9.44
9.243495458847299
9.671485470160404
9.105365153892576
10.423268012165524
9.228134644380267
8.603566178632365
10.054402979636768
8.53733153749679
11.52
11.113015230105633
12.414990974312902
11.49395867550014
12.06717094209499
12.180574736805188
11.350895190854812
11.844477540234225
12.208891486654046
11.288565472713664
10.718801909675047
9.7
9.730003190029954
9.990353769426717
8.939721541518265
8.788012308404898
10.464475092796336
10.83
10.906855960332464
11.668193712950751
10.48645346179635
11.697095870235124
11.552619252125218
11.655148147998338
11.450554981240192
11.24754956179105
9.928524532667693
10.647317045783534
12.88
12.429613276088268
12.913827395072985
12.08293100707094
12.783411500764057
12.231793151407059
13.625637893214384
12.027268671062096
13.022991335149417
12.167526510996709
8.02
7.575546274749973
7.2817039083971045
7.194413270722743
7.325629778661048
9.010157656176252
8.809670886836402
7.25209116527542
8.509955022805002
7.34341743923261
7.524523074278285
7.03779718812496
8.099127862294434
7.803727356119082
12.93
12.817227712114057
12.271841743380872
13.250829580433514
12.798295006429875
12.860601599165715
12.753255218289235
12.6
13.515098134122482
13.128981340361051
13.060929256336477
11.782477129642555
12.791150344535925
11.984510429927779
11.702332972595112
13.288289416448892
8.79
7.988912395064211
8.966182406980636
8.58077743590766
9.765786049517054
8.56299415890166
9.07159065668306
7.827639283337261
8.852025357847733
12.72
12.612480911795126
13.583969230064714
13.285369475066641
12.226251419228962
12.206948952176004
11.985932966969541
12.784500951144327
12.398403372535595
12.799473198928021
13.640491891224832
13.06
13.402213480042674
13.212806669743488
12.378925114861543
13.26412623396216
12.9888927820498
12.348964257395956
12.746233469261833
10.27
10.417412789202675
10.457751527800067
10.162767136891901
9.813986601681767
11.72
11.926663782644379
11.470304644077967
10.839662282584339
11.804352860963887
12.35466972366824
11.57710807772086
10.90642410872093
11.669031831803022
11.347151874231347
10.820096045914172
11.93
12.121130602140077
12.474018256359352
12.154907713776629
11.562977064212452
10.28
9.873493223197103
10.74
10.577339918261867
10.840501920410034
13.69
14.495799411259945
13.862712090508724
11.71
10.52
10.708508318908624
7.85
7.353506118343071
8.31
7.4274904600725655
11.32
8.84
8.9097916049418
9.294834802075743
9.075913383772901
7.07
7.625970487177794
8.2
11.22
11.162342235814682
10.807335120086147
8.2
9.76
8.864620540823067
8.761202553746882
9.09080857551531
10.98
11.295950954886983
10.003768527775232
9.983058011276682
12.17
11.198407028089273
12.07
12.184037554498634
13.062474124852374
6.05
9.14
10.095522679982931
9.675302457776136
8.59571731609946
9.156945884635494
11.68
11.53129400991827
11.98
12.17644320636333
8.46
11.72
12.530694974196567
11.926356028817958
11.396122140743895
10.954027658423858
12.35
11.471553256076568
11.740486771941857
13.32805363226646
8.39
8.024370654540913
12.85
12.319548971335907
12.088268976445569
7.51
7.15
12.28
12.339376931684747
12.303405287359798
7.51
6.602449247443471
6.735064746952407
6.51
6.14142061672791
6.26543774584945
6.0734044423076785
8.4
8.010827374519584
8.138181412082966
8.28
7.862857810291331
7.51
6.703907088329418
11.14
10.484685413071134
11.81
9.5
12.4
11.87
12.568812005311194
12.359054200768773
12.63
11.81
12.20675238123782
11.123010073466592
12.72
11.14
11.035403718842945
9.71
10.636793679037531
9.60909137824654
9.454739957952484
9.21943833677714
10.062509872022954
8.79
8.827167180971179
8.58
9.51907483233805
11.87
11.739115626922674
12.65
12.731676136534116
13.338066225912604
12.73
13.468882385579432
12.22
12.508765842070298
9.31
7.58
6.909989067459315
7.8158596827366775
7.023357083585065
10.08
10.0
9.54
7.58
8.025104471554497
12.2
12.385948235310725
8.6
8.240925233295098
8.205922816922467
12.27
11.579748108719727
11.48
11.538776062897991
12.422782554024256
11.686344538429339
13.04
12.128889863585664
13.670692503023002
12.99
12.094067877201974
12.46109853434419
12.3
12.836375818005873
12.595560875662422
7.86
12.64
7.86
7.68914178756473
13.03
10.06
10.627304779077251
9.28
9.858057093979602
9.19
7.2
6.263076800412181
7.14
7.6587298475982735
6.863152850164555
6.1778300632214025
7.501043066545487
9.4
8.766782910681442
10.138368121504039
10.09
9.06
10.13
9.06
8.66
10.31
7.99
8.535651637154832
7.345516216164353
7.981511549459942
8.66
8.482461998799979
11.33
12.189776181058154
11.651464839715135
9.17
9.825961482808417
9.68
8.901658627332116
9.99
10.111564828524472
10.014246642461426
10.17
6.79
6.5675356861068455
6.151445870290539
11.55
12.86
12.316657104914492
13.720142387687753
13.647481414064794
13.06300355067941
13.733520224103556
13.806599761460685
12.54645446834142
12.639580396306636
13.570156964837057
12.520696344484254
13.628550475787224
12.965804507395484
11.936368269466271
12.079936516452218
13.657616542006915
13.10429453169013
12.101263876710833
12.25290528502985
12.066729645024434
11.862336059632087
12.198721773165747
13.71670406131137
12.944639716904856
12.316315967570265
12.561502903517876
12.126587514533407
13.08378485479904
13.601879007118622
13.788778854410866
13.631602885303359
13.777192717074332
13.387328135950122
12.731532878481659
13.083852995859422
12.528092230690076
12.261574079096537
12.418615097173744
13.349237688882111
13.4701872383524
12.195001049281998
12.422978550314207
11.885365685320355
12.443643658983124
13.31771610995783
12.666165320037823
12.494374839947023
12.94449003582982
13.561377162493498
13.432340421766389
13.84923195202738
13.70879850352793
13.775401167247114
12.408861667660444
12.588629193468181
12.93778249055906
11.932272384576997
12.632710225480556
12.72388070346586
13.068295191524488
13.228937077436697
12.45239530302705
12.719638697560324
12.932122695766864
11.985631278454633
13.504086854113961
13.854073294008407
13.738972318821009
12.364621493455473
12.495346314162529
13.671866522093467
12.947657004538904
13.787998123701087
12.955976468990283
12.545028147765194
12.19711247356105
12.235943131836441
12.535074167239229
12.532138000524899
13.816930899986104
11.867897693976328
13.12873525284565
12.381054014455906
12.333165014260857
12.844181081191525
12.14859661473989
12.792383117877572
12.68125029066888
12.686247621589807
12.93241131924727
13.787785603156765
12.35071683248417
11.871883329985659
11.955865231742731
12.167718740228644
13.460752863070871
13.441148565040072
12.119444456036156
12.513683511535918
12.461244843016052
11.881461132236616
12.876043128718376
12.211009887928217
12.439525808897868
13.836508281703063
12.140512318919596
13.214677007167634
11.862150740771632
13.402264739094978
13.020759494452715
13.798577478299713
13.586022684081746
12.332251362904767
13.796764830982344
12.641577196652165
13.560657861731626
11.88725967744846
12.148782630384726
13.224676351855152
13.036907905395722
12.025272457830235
13.402118061046174
12.696642574192854
13.390044826160619
12.746668839893676
13.557922615054961
13.84460157277575
12.567295385810187
13.643853857543505
13.742216207591504
12.047297623542471
11.963778328527132
13.735209316701395
11.951584886637871
12.060954595639103
13.70553384822409
13.363025608633107
13.032195721987746
12.868038776200876
12.727403897600627
12.811807310527039
13.759148981178466
11.940421370745165
11.899398712793378
12.352989743808598
12.087775570024569
12.756570068332914
12.596284254523194
13.271257635681026
12.90066531701467
12.518691730118228
13.328206806774132
13.822507137145395
12.315919825231786
13.157789849341947
12.530516976952896
12.040560405538447
12.42252245414412
12.014292365966748
12.235324973537594
11.921153355275763
13.385074838306945
13.354870144720927
12.975180665682753
13.023665924280953
12.180765214422134
13.709576541091513
13.805412607493176
12.825801880449875
12.886627905846593
12.633496053492307
13.632599123611538
13.583492153452909
13.53053432913964
12.397631361173543
13.508530885736082
13.296653037549172
12.991415307364804
13.37581505779084
11.951860008383651
12.51754061957822
13.749998059307504
13.055078042651603
12.641337372703383
12.323429683520931
12.448068943101855
12.727114184306775
12.087055422318874
12.597531708994985
12.730502483998606
11.98817081776705
12.315168640037285
12.0600831381701
12.909461818269373
12.615663208007112
12.741072416024654
11.904505132744804
12.827265692102404
13.345208997223358
13.7842521943535
10.13
10.733113253416324
11.51
10.9986750331617
10.4
12.4
11.557538912152136
12.515606643415305
9.55
10.006046580386721
10.07
11.57
11.46
11.21
10.28
10.72
10.645738538305883
10.0
12.19
11.13
11.24
11.75367591409403
8.05
8.46
12.06
9.95
10.163121541514057
10.34
10.291744877064298
9.02
10.99
10.767771564638425
11.912422545641627
10.14789073054994
11.54
11.928495802906475
11.239969221383603
12.162999528585845
11.24
10.47
7.63
7.425721730551428
9.14
10.101774284530604
11.13
10.889516715679903
11.213471783100813
9.91
9.078774406739344
10.10015816741155
10.1639127781669
11.14
12.3
12.12
11.208181607994632
12.545006692388672
7.97
7.914538486062222
12.43
11.45129036005984
7.92
7.664849910370658
7.69
7.2380766262850535
8.23
12.64
13.521322196847786
12.42
12.35
12.252883178182461
12.07210566483677
13.04
12.28
11.86
11.302533406376948
11.938298929116803
10.93
10.207532059634564
8.24
8.00524906679858
12.48
15.1
13.23
13.6
14.090464646724088
11.03
11.96
12.923528478766004
10.24
10.708335431586512
9.840849595477378
13.1
12.14
12.616697577932774
12.46
12.24896031157649
13.82
14.5706022016457
8.13
8.36792034315892
12.04
12.813586245300845
12.939964123163207
11.27
10.373301377842617
12.57
11.964394616303831
12.38717046728879
12.36
11.74225855958092
12.754194321776408
12.363722896357697
9.82
10.070879436738249
13.18
13.788239764591909
8.53
9.444584934485265
7.681448608883878
9.44
9.011485875688072
13.16
12.608231056825534
13.002781964010275
12.410258924048446
13.14
13.644784201220753
13.679265623856404
9.07
11.72
12.37
12.317132626385431
11.86
12.287115997648947
11.96
12.668291721924806
12.07
8.7
9.081894505149442
11.76
11.621085676689765
7.6
7.031042775524938
7.33
8.54
9.72
9.145725922134245
8.54
9.208531486949767
13.2
13.06
12.753616534529112
12.39
12.434618918392484
12.34920375137197
8.51
8.93
9.74
6.88
6.077929317301406
11.7
13.87
13.107193966406426
8.04
8.876131889948638
9.17
13.36
12.855717743505576
11.16
12.143447247925717
11.582661441147684
10.469443962788931
10.24
13.11
13.758965993571033
14.037138368239553
9.57
10.505655877217935
6.9
7.27
7.510689305324698
7.873980554881169
7.556070989682219
6.946334209359354
8.44
9.73
9.47
9.423303858643614
7.65
7.748852196134202
7.76
11.6
10.27
10.384961502123321
7.76
10.15
10.12
12.73
13.486725791591589
12.0983065353212
12.89
13.777354674028524
13.247645155606213
12.278425914322868
12.702057920053353
13.487279351554445
13.272518751586349
13.463025762824142
13.01532243068125
13.011013354122325
13.359214921897383
13.451690291230669
12.055231232906168
13.327835634645282
13.45904611625865
13.762984065893274
12.688980636740926
12.75035117693545
12.262690920908216
12.855301705790431
13.513210199146016
13.067918511259952
13.562427754173118
12.38717109083204
12.79431757868114
13.79862795213193
13.831314577358587
13.156922090014385
11.920372938801904
12.41396299905415
12.83597084932353
13.41594899508871
13.013414235133329
13.135995127099624
13.409503567528382
12.672742773929043
13.806557439865259
12.846701774512972
12.171591352187322
13.48986473779298
13.068531254484643
13.634140775157395
13.035759507564661
13.435621450784343
12.350571074542195
13.295570411214145
12.459986949943762
13.262566223531852
11.917309806409206
11.926880645824186
12.310501029617168
13.476701310181303
12.457276701565391
13.820126890462546
12.150395502258224
13.22020249799919
13.562447184330122
13.075142497079437
12.847036265012619
12.852413580226587
13.422873244144224
13.828922074136415
12.530523636842634
12.681273249993799
12.62
11.62113396324503
12.651234426574081
12.400327555725848
12.321503666192118
13.459843038566696
13.459610684310213
12.19357515903908
12.186010104816665
12.899565182358815
13.578382528507168
11.702874931924217
11.834576709927894
11.63608865205696
12.877676051153042
12.354248393224847
11.754191015831728
12.464435851206066
12.43514895367461
12.7641635624555
13.164839863279266
12.399959224758039
13.070214047141963
12.06043057552771
12.268461025990195
13.038277035260593
11.76842414541873
12.536449164609776
13.528038540924387
11.874245081464062
12.583090610798902
12.306590671430612
13.185473096884854
12.06632223823916
12.513868832051509
12.203587829643027
13.429311283865719
12.978785611179108
13.410595809801892
13.126711009878326
13.174980484538226
12.948694347408836
13.074884879079375
12.95513483203646
12.180376123672835
12.74428525853365
13.589135751766646
12.030755391619781
11.737550855219895
11.723147891623249
12.08351377547267
12.234192488168631
12.271067856284917
12.0732943589509
13.487084245669791
12.54244626154235
11.980452941739928
13.24702232147218
12.27454874293496
13.473016628788013
12.604317854689778
12.141200862497934
12.26975193141534
11.66463340666746
11.85018228453245
11.976066216956765
12.958171416559845
13.476908985509652
13.59941570180913
12.043948563158276
13.576463432267813
13.375904164723819
13.528441675411731
13.25
13.40062869924468
12.642195599137896
12.842915780320038
12.462152484678771
12.404021552661103
12.26921556649646
12.85099790139342
13.186106000012138
13.05734185767669
13.31938707697205
12.996865764210394
13.118735809398876
13.300691383096341
13.696308478320418
13.302928730448999
13.401187653144715
13.231072034260457
14.017806525491276
13.892106540967706
12.960348522699
14.092327967694613
12.832958267896705
13.726845286023138
13.832234206345477
13.623076292934272
14.070963826037827
12.507248249449692
12.953017403623603
13.46201568206519
12.307247214515323
13.619556335604196
12.959028498536554
13.580297176718972
13.378333408363067
12.595081189605912
14.206888939594245
12.460817851322902
12.698669609923122
14.077385871723289
12.415142850260494
12.473263884899314
13.91480189934305
12.292457235936805
13.482160373005229
12.614924519728321
14.021603493261196
12.643713909552694
13.186277100728637
12.636870744482131
12.926989548020995
13.710843440487537
13.079602373799228
12.305785462965538
12.858793127227745
13.383377812817471
12.637044499842368
13.231163195559898
12.597100607573932
14.20351267267185
13.42107015359029
12.255118375093733
13.329235627555061
14.05
13.39643010865462
13.655392188218787
13.625330792660824
14.171322720978537
13.695391419339861
14.561780136641017
14.96407589119256
13.06634184306444
14.836487932813828
13.188925833708158
13.439179326944908
14.42895304122984
14.84106101941437
13.431299568182162
14.71332355951652
13.320037265828267
15.002838959186082
14.16169177703933
13.0
13.622462221875724
13.397601987090194
13.94254959068053
13.246317384532277
13.845338082221035
12.559339028705079
13.642420364401703
12.21593324939701
12.000572788774793
13.949994487172837
13.619521790334872
12.544479961539418
12.685901213722543
13.592880254712576
13.263972754091437
13.69445797132114
12.828613876833877
13.668530965199796
13.853028958337807
13.488163963305626
13.266533628626629
13.605725569564914
13.165371235836513
12.338965726449086
5.9
5.796186185469825
6.609513007690293
5.802491343889988
5.986926422804449
6.0946367903939755
5.144673471293883
6.555117827073033
5.54422076098873
5.238481563323639
6.016869401912162
5.438235031387829
5.832663993588124
5.741114736454506
6.766186762183739
6.02849617066697
5.2762292507543105
5.2600953326244
6.050668072226253
5.6759455817125986
6.007428691391137
6.850882641025453
6.770699869965358
6.0349086496568525
6.770124964326153
6.844666189644575
6.814372025726882
6.0385087752036
5.00749209957044
5.2723597672526665
5.5680437934437235
6.289164064607418
6.855331716273842
5.624273071649219
4.917059017813161
14.02
15.00720541253703
14.446339850402557
14.262350102187774
13.640646573472493
14.263796000239106
13.188481411154854
13.556640923782624
14.349830372924927
13.939144159418236
14.350978191418802
13.428372965796502
13.41113031197592
13.266028822313189
14.125360425290753
13.092695257433846
13.131916067276165
12.89
12.893566487280452
13.556275236061081
12.395498526922553
11.91175879248362
13.268087509356175
12.688775219733706
13.701649829925254
11.991334066540624
13.018462169370387
12.309074122090335
13.433569481669824
12.65473553361081
12.846445699181688
12.47379538607085
13.125206617838746
13.00214835124706
13.329124317807079
12.626178752637724
12.907936565095051
11.937909708674894
13.606924678497267
12.764688980245833
12.671714335913371
13.465338484405784
13.73
13.09112177256215
13.324280060092109
13.533670098657362
13.205316403728533
14.403605779013727
12.800386070010449
12.949296977935525
14.559626470096099
12.973513097782433
13.778149230707836
13.276523034024521
12.827795178000184
14.105359607585884
14.218137694051572
14.642738136144647
13.338698994728743
12.823725936952364
14.163023547156895
13.017073654234954
13.536865895016366
12.84183200921957
13.184747123273592
14.726626377864802
13.281479560899536
13.078368572724038
13.55
14.195388852557297
14.447720176219592
13.776804028560624
13.213039889134354
13.628400485793778
14.197170864670923
14.319470632278186
14.04241291871075
13.248969146885303
13.77798684174799
13.671497121412786
13.47037524646386
14.545069043595882
13.215423617404275
14.23895283669274
13.17852011442159
14.065478991786673
13.387244592595632
13.719022018327484
12.930895615563722
14.296426490332635
13.316216722972946
13.058024560687034
13.717557890343175
14.170543042498009
12.97
12.1943683060302
13.374839965268217
13.884198713803167
13.682222470992404
13.334336200453414
13.612086888936409
13.64141783373789
13.035958402898332
13.119920223497665
12.763680787583366
13.285924765833867
12.206464361648125
13.693809300277563
13.773567967052319
13.747361288263836
12.898033500881942
13.678847162239546
13.533795125632015
13.381697551884837
13.334346576598012
12.64432851134683
12.499504430593912
13.51260100864254
13.74890033580153
13.894888492854033
13.440313826335835
13.27
12.89
13.44
13.92
13.66
12.55
13.19
12.9
12.31
13.19
12.2
12.79
12.46
12.35
13.08
13.81
14.88
13.92
12.69
14.1
13.46
13.21
12.1
12.69
12.53
12.68
11.77
11.61
12.5
13.54
11.65
12.17
13.38
15.08
12.66
13.58
13.45
13.36
13.14
12.78
13.76
11.71
12.4
13.03
12.91
12.15
11.91
13.02
13.43
12.36
13.92
13.65
13.74
13.07
12.69
12.67
13.46
12.85
12.24
13.81
12.27
13.77
12.44
13.2
12.97
12.88
13.42
13.38
13.18
12.8
12.72
12.86
12.62
12.48
11.75
12.39
13.06
13.36
12.47
12.84
12.63
12.05
12.69
11.77
13.36
12.95
13.7
11.73
12.53
13.99
12.71
13.33
14.07
13.26
13.14
11.97
13.01
11.22
11.53
13.51
13.72
14.29
13.59
12.64
13.51
12.64
13.23
13.26
12.57
12.84
13.74
11.69
12.82
12.98
13.74
13.04
12.55
13.2
13.94
13.29
13.89
13.47
13.51
14.31
13.05
12.7
13.41
12.96
13.53
12.87
12.56
12.78
13.8
12.73
13.07
12.01
12.97
13.16
13.8
13.99
13.01
12.66
13.74
13.51
13.3
12.23
14.44
13.51
12.79
12.81
12.21
14.05
12.92
13.34
13.21
13.58
12.71
12.93
12.1
12.21
12.53
12.85
12.19
12.04
13.98
12.29
14.6
11.75
13.15
14.7
12.94
13.71
13.02
12.27
12.86
13.77
12.89
12.35
12.13
12.71
12.72
14.35
13.34
13.2
14.3
13.21
12.93
12.91
12.71
13.19
13.7
13.22
12.92
12.51
12.99
12.85
12.77
12.93
13.23
13.33
13.21
12.221478859748583
12.614688321194137
13.847581698164733
13.608666949282144
11.21
11.888647477381395
11.226826536799145
12.68
11.694969004981044
12.654638617465002
11.750110607631619
12.19
11.655038312625813
12.560809193505449
11.505434300879903
12.54
12.527224978229679
12.507170430548015
12.839398382215853
11.97161017873076
13.045111870945396
13.324496410744297
13.08
13.99770501689054
13.173221386716834
12.737092167642158
13.404081164076702
12.73
12.526834761070075
13.248982826048447
13.69
13.203423539701772
13.226309726284702
14.083965316514417
12.983160265590191
12.48
13.196094102991557
12.575867489788406
12.380603607639044
12.881624877869253
12.853842006472052
13.367595258021758
12.77
13.311103326627912
12.637685066785197
13.51
14.383840976621055
13.086969855455255
13.668098877733629
12.70562423750819
13.07
13.146647874050142
12.526960857095386
12.357872618406812
12.97
13.54977294543333
12.387991460296364
13.020223338074718
12.868639521742645
12.465563228679132
12.22
13.006055514804874
11.952748776097012
12.297177765981866
12.81
13.522473092192378
12.366212043899433
12.32
11.348334273318397
13.186954050638736
12.809120987951307
12.112375377035653
12.629193390560076
11.557478806710261
12.52247103877134
12.992255970629785
11.607441876717084
11.683074453158671
11.428656239225147
12.99
13.128464977213675
12.152834426808232
12.31
12.085995596820444
12.61929038561554
12.544529367133102
12.521020608509565
12.656016920068518
11.827280171332182
12.68
11.732729289841053
12.635182129459793
13.21
13.670175545505648
13.46364079110593
12.344513306301073
12.47
13.23951293790755
12.364330100727496
12.668974228998607
13.97
13.922521961867693
14.412866418441986
12.5
13.09572922360825
11.769674561345632
11.753060821657417
14.15
14.629109634956794
12.24
11.249917943740313
12.634312950827043
12.839512189514764
13.003996923937263
12.69
12.52842305939258
11.86723674712467
11.71864495208937
12.97
12.827385461273924
12.940845328775158
12.19135014594032
13.021949768512812
13.714419470058345
13.263217080833071
13.6
13.566703475385987
13.53427279403922
13.39
13.213443394542482
12.823210832049718
12.643575373354448
14.259622465743139
12.403750417495267
13.714740409260784
13.22732671663508
3.29
12.99
12.716182939843362
13.431457503921472
12.73
12.471642176878994
13.317996281394187
13.305200997973653
12.639328055953365
11.791141608660716
11.820508453725257
13.87
13.805275941404775
13.793429837420426
14.073078028755369
12.977509333302512
13.881862203406643
14.272516082610796
13.16
14.131121867820784
13.504450018086475
13.64
13.397403510303176
13.64639063174385
13.64537130040945
13.674643677476876
13.752248118536428
12.926264396129582
14.625033074097676
13.51
13.110548117522207
13.484509187807756
13.694066876949284
14.07
14.875573161168703
13.44145315602719
14.942877801066746
13.42
14.181101764268092
13.159318247055916
13.11924429787819
3.29
2.442171875805348
4.206658569480468
13.9
14.679123067026925
14.863799182480104
14.37206146629335
12.78
11.858095322724557
13.459039217125246
12.7
12.66663352413882
13.025542125531189
12.8109395417278
12.120423439293653
13.82
13.749413333452443
13.286905024129485
13.556259721880593
14.483359546144463
14.620840824663237
14.244703714305311
15.8
16.36615685936712
15.839753427258497
16.086415339167335
16.639096068929828
15.09068738865604
15.71600887279805
15.251016295606771
16.410795219980415
14.883267974904221
15.973234798320817
15.647053951844535
16.324664105156867
15.74445264659103
16.374991967885265
14.922386690350708
14.83106056355543
15.413797832960658
16.76951177442844
15.496918704035737
14.832330862340589
16.25317241331673
15.787037052153192
16.459391682320003
15.22881690734023
15.268162128079032
15.973919857115801
15.137452847171676
16.45788363494925
16.62248507846049
16.478813355121975
16.071384544842235
16.45345315873974
16.737357308378343
14.822491063020783
15.017648518414902
16.570769526672528
16.441388207207453
16.506213491501313
16.16513230859111
16.41689450707358
15.494353404534285
16.542152191565204
15.223157359433472
16.75288642239663
15.6636042916503
16.45491906968123
16.10606177043145
14.952420824650028
15.98674126597831
15.799652531295433
15.298957896455617
14.894754895058728
15.62983901551675
15.861828608364034
16.723977388791127
16.088707541754616
16.448399967743732
16.20081310969212
15.132582116489992
15.45474932563788
15.766122500573548
16.074820174215414
15.61000852609923
14.998226843484616
16.514398246274762
16.702631414166035
15.464104060097206
15.638387776571449
15.336571795766723
16.627842434264704
15.178160437418532
16.26663639274576
15.975099084922483
16.71407898607231
15.704802478639188
16.513173890886407
16.691412287504175
16.456529575860138
16.293410113533767
15.500954250180076
16.27780012970953
15.932604479558371
16.709668561175953
16.408678228593853
16.290288444734287
15.064642352063757
15.560303655160162
15.225119720840917
16.342529835121134
15.114008211353132
15.540660912446791
16.25023456279651
12.97
13.365537288634544
12.263671950475056
13.427663765100597
12.982532939664868
12.686601509615826
13.147175234750035
13.000789649355191
13.261326207134323
13.12479075063252
12.983611581121355
12.67047929352718
12.822171615261476
13.6726998935522
13.889307884167273
13.56107772968302
12.449169320852729
13.38594265165342
13.845577626257342
12.195997306720034
13.210545645741615
12.271030012428655
13.368420646348264
12.441112928431668
12.987765300388258
12.267982351368603
13.393436054222146
12.895425566514287
12.324662401372693
13.437324519607444
13.200482273609834
12.676069191397147
12.525592191026377
12.579278124679803
12.774062421112239
13.621062698657216
12.102760075885733
12.617265757149681
13.183822737792418
12.269762797626136
12.761761941792246
13.14700619428281
12.584627384480838
12.071329408642125
13.42851006363702
12.144693527274187
12.414008597283788
13.241435153256255
13.057745308749906
12.652211302862968
13.723825611724545
13.767007822733689
13.099734222591737
13.143857129825097
13.312631564096895
13.339405051653216
13.362202145958197
13.149067719278094
12.050401976543764
13.014737256377822
13.474587207000585
12.346539408236367
12.549348395124168
12.104999517015697
13.96473498374255
13.672470043341722
13.198505305697463
13.670048271249623
12.870764533003422
12.136527735624822
12.871009877632225
12.37780521936791
13.626435811935133
12.298686586533638
12.748611742581474
13.353517355728739
13.356147838345446
13.745206869449014
13.820004521793571
13.259617852159757
12.40334365835868
12.247584742991762
12.870848161324187
12.425349288952713
12.400326916318964
12.190064030324546
12.688506684771669
12.168772450070835
13.664820023665268
13.131167886806272
12.861631368563568
12.138394351596844
13.623585572633651
13.554051977885111
13.578559912233207
12.354068329068644
13.946934674187128
13.036279093297985
13.309415686904034
13.900673045253084
12.385406881961998
12.449344248097148
13.942834402122516
13.325111902337936
12.285079047034145
12.019413766721309
12.654013808186466
11.44
10.859661073978215
10.66491714735717
10.66426133199951
12.306874564263781
11.069045536587224
12.008287581151254
11.63820911121402
12.318140996546914
11.123587845821522
11.65136583579824
12.26006072595771
12.354135746390034
10.52981539582085
11.854173322478621
11.167914376754474
11.334446332623477
12.09793539525158
10.762828162838558
11.670055730328656
10.806053524391512
11.830230901692724
12.07044764279861
12.321169587913635
11.16
11.996282536552759
10.636931085592277
11.82457705438171
11.888116375432494
10.825753211273968
12.09618002917862
11.475294382194413
11.66791547607708
11.644515411362434
11.621030160316948
11.439928149594737
11.083867171666618
10.797778362357622
11.252653116047409
10.891648974391343
11.670283063161353
11.812579501106278
11.520718999949878
11.897631347295537
10.471773320589401
10.63
11.06534431306803
9.854486443203974
10.948171149408749
10.252551071821628
9.826005619003977
10.899093058536108
10.83069230848238
10.75070477545981
9.685199547307018
9.862652590850216
10.11262528367532
11.478494025831044
10.366105501966471
10.858564589538336
11.229004135450419
11.220016562095628
9.7506509966522
10.576370403053716
10.393849308247475
11.13683551443498
9.710019620073268
10.104868847756846
9.73
10.630781212052494
9.087489900173217
9.301819361166745
10.679081464221463
9.212382783621807
9.950016284826543
8.74816460623375
9.023616249982764
8.804634662519877
10.378973028502449
9.016208552157986
10.121223161144263
8.930731847277368
9.419287972373159
10.558102637894171
10.442328614924834
9.921302256414572
10.311341647329527
10.05471258301439
8.53
9.033005439552648
9.389668574948097
9.502831029060992
7.892731680895892
9.528059631573278
8.04598211975345
8.286288262383966
8.67534202213706
9.275406757279663
8.613750335698029
9.022920961496872
8.456481119071567
8.11728078558515
9.171833401468929
8.999008983617184
8.680672049616032
9.05288207435677
8.348235243717266
8.194307476347241
12.28
11.406191572540362
11.381750988585353
11.730267149849054
11.36646968916668
12.386710436276191
11.286560188658438
11.989175737644683
12.961914232979105
13.079615600652744
11.968052564088364
11.731878691325159
12.883083626297203
12.34865215993511
13.172595346714049
12.334886303346243
12.799523626573633
13.246005400539328
12.18432312189939
11.312297420410363
8.54
8.469584901265826
7.687630252641537
8.776595794811584
8.44054123225598
8.381876741038717
7.927600478568711
8.025088731437794
7.731227550688699
7.915154962748304
8.406945887984808
7.858116121583711
8.945076723755552
8.851084648684227
9.00532910390665
7.965679175952021
7.95374035876728
8.65212256560369
8.641495635993767
8.304347282467143
9.477608465646243
8.048840521481052
11.98
12.5951047041619
12.668051758318715
11.928098833646178
11.318585956884977
10.98154332334628
12.903248023940131
12.311345137076044
11.808602164321679
11.328643174132505
12.39447245304111
11.917374006754816
11.040662795569027
11.695247062079657
11.796845946097928
11.087864266511028
12.258553760755735
11.359112674524813
12.056779706751076
11.48957642393476
12.256779302720982
12.048590364393664
11.565674998179158
11.464597172119657
11.327382791238566
12.657281962994002
12.57739800420447
10.82
11.17482586256478
11.69564909126533
10.31395869930705
10.220547010203413
10.18628297125967
10.006300592732412
11.199509149494759
11.192076307570758
10.214328058943986
10.091072355999362
11.33776185746305
9.903657452283573
10.326699054501475
9.918954281280744
10.763031375878505
10.739771451728775
11.80244779948961
10.806934839101972
11.49616562099952
10.655786951993914
10.439717903115467
11.19267937883348
