0.2303
0.2297403224945936
0.23058083310828068
0.23121603299087354
0.2306187923715819
0.23032756510277025
0.23087930450176716
0.3021
0.3023056216266639
0.3027559569496117
0.3014880328857202
0.30302668705809743
0.30303580149660403
0.30284036879445797
0.2055
0.20640418796554186
0.20495477103948484
0.20451049137828992
0.2049080715905077
0.2057651427365837
0.205235937120655
0.2868
0.2874709820594226
0.2872685170647098
0.2874202326779837
0.28650672440605324
0.28634637856502027
0.2864807372209254
0.2485
0.24785087828120791
0.24806468574795146
0.24843610054829246
0.24848993545498585
0.2493440268943461
0.24858900121092728
0.2489764847658157
0.2488834409728286
0.3903
0.39066751812955325
0.3908577825044705
0.39058790199053706
0.3910297078123858
0.39079372690874153
0.39041630368542946
0.39058231175972413
0.1167
0.11599814626790321
0.11671648560045293
0.11701391559313312
0.11684649596757611
0.11769318450706694
0.11744497122295572
0.11590656024740316
0.11637733410803176
0.11588824227292999
0.11764739043192282
0.2156
0.2155855204427252
0.21639294544639281
0.21577779637645636
0.21652027149614758
0.21499544112453403
0.21643963576199574
0.2159768984409935
0.21579161517392484
0.21520803674434025
0.1407
0.14143310526452144
0.13993747319568234
0.14091741098436525
0.14154297262535123
0.14156195228449386
0.14138796620761293
0.14016550885256238
0.1407913007570917
0.13972841064980188
0.14037417465499882
0.14076460636723642
0.1413751244665142
0.187
0.1879727430838165
0.18668091847762594
0.18784968912850133
0.1878717574998757
0.18642376865016058
0.18753352784719687
0.18760493359149216
0.18668863877553074
0.1869611245330237
0.18629736598846436
0.1877395844323259
0.1869836391141664
0.18626066811673303
0.2506
0.2505947498256974
0.25122707112177317
0.2507564703451267
0.2515742940975439
0.2501464177894849
0.2505750945188484
0.2396
0.2405444218350064
0.23906774032599457
0.2398299069308904
0.2397236730210405
0.23922850164314044
0.23972314288331645
0.24030217829708572
0.23968214091118054
0.23973109055930164
0.2395191911537903
0.23919462471822664
0.2469
0.24726838812674745
0.24709548200474962
0.2516531486707252
0.25611124196077517
0.25490899716985005
0.25546021192566315
0.24951362274896643
0.24933419999563494
0.25539447983782165
0.25425896235140655
0.25659087311263523
0.2507203435181555
0.2157
0.21531903393932972
0.21591203753279592
0.21473033679416842
0.2164430564880118
0.21539537201240466
0.21611940274552344
0.214779940114908
0.21479031317605932
0.2160537845637374
0.0465
0.04555670278326068
0.04555494512637237
0.047098840968043454
0.046794112701759184
0.04609192243639606
0.3883
0.38928923524123504
0.387409840997263
0.3873920290940252
0.3891333597148883
0.3887910894881328
0.38776305410724765
0.38909424774798873
0.3877106447581085
0.6922
0.6923774586873616
0.6925703366823064
0.6914256455698798
0.6920002761548559
0.6913722666886502
0.6929599669062652
0.6930676872416511
0.558
0.5585798375020306
0.5573598726742215
0.5582422232897624
0.5575063577221986
0.1496
0.1490521801466589
0.14877686896636697
0.1494547830953328
0.14957710367390653
0.1497269633179412
0.14892504086962163
0.14918129682482875
0.1496182411069902
0.14902679963688042
0.14941214811543232
0.14953424310114716
0.1201
0.1198180385543785
0.11973475306278042
0.11942679291316635
0.11910474810795549
0.12026463703779375
0.3429
0.3431658089011955
0.34378532482596996
0.34192163758944066
0.3421350751149696
0.3421865285327872
0.34308473784554333
0.3434895542911913
0.34319176236185267
0.2516
0.25105975219758064
0.2516858316650286
0.25252248569842034
0.25156336198185586
0.25229904911111867
0.2397
0.2403689927831389
0.2392307451256898
0.23948667350122396
0.0436
0.043431607604107844
0.04414199496480498
0.04320385373154806
0.042803455275824104
0.04331456166679632
0.04363335312966308
0.04289788182860613
0.04322384019825631
0.04442933345400768
0.04416204717349127
0.043868288249763916
0.042602657959969994
0.044270718499697374
0.0426739239766521
0.04382928359582824
0.04286792625693413
0.04358033255379154
0.043357526975481626
0.0430961298684204
0.043080922425826194
0.04394510556390314
0.1392
0.1797
0.178925279481754
0.17934848723118424
0.18041587707892717
0.18040339560583626
0.17885718928333713
0.17935046771585156
0.1791955647381131
0.1791810702304868
0.18044855461226844
0.17996688962812105
0.1788649837531843
0.17891389061401353
0.17962802062277614
0.17984995375938706
0.17933893592341646
0.17991069729864126
0.17953110076812426
0.17966522087006984
0.1799521139671396
0.18046256734022337
0.18024964842184327
0.17981310318469818
0.18014876936786878
0.1800034684408905
0.17906444854556966
0.18037666729863264
0.18027252827298101
0.1799597994142623
0.1802367943623804
0.18017341536839243
0.17901930806867167
0.17987507661333077
0.1798575771657042
0.17895554941436587
0.17977295126538279
0.17870904855372238
0.17879156257317122
0.17877307400176168
0.047
0.046604145017727944
0.046225091870375
0.04665033385067885
0.04666451325731554
0.04721975386962558
0.047952191779643424
0.046661116672234604
0.04650094325146565
0.046843650411204946
0.04760213366715868
0.04663559083079378
0.04646273632321621
0.04616804906722995
0.04791068397439988
0.04793517383352444
0.04705052445200765
0.04680148530840797
0.0463267684781722
0.04660226459638989
0.04685845537892929
0.04660021930229319
0.047908880290220245
0.04745945213260586
0.04616995249948996
0.04691176603652065
0.04668682945275746
0.04799825327331705
0.046320098260036566
0.04659504167304351
0.04798151144502755
0.04700886159097287
0.04771167712211785
0.04778848205182098
0.046939863502972724
0.04731956181864434
0.04628576674092185
0.0466291545558714
0.04606124567774362
0.1392
0.13933685539924826
0.13928744206620014
0.1395549845140535
0.1393091669258465
0.13926500866964725
0.13992159623691441
0.13828695764347776
0.1398247620888092
0.13965118037016208
0.13877096626889296
0.13942176775685391
0.13840224482556265
0.13861432985996472
0.1394342156948429
0.13923658629515773
0.13917086393351674
0.13977421606864107
0.13892099765543167
0.13917218066281
0.13859005793476203
0.1383466554118959
0.13889877031850822
0.13902641080146416
0.13979248382299087
0.13838427591726535
0.13836588352689252
0.13873145311313412
0.13999150810287014
0.13857553469996634
0.1385619342941495
0.13913609126185464
0.1373
0.13829293956985803
0.13695643383925507
0.13720565321598374
0.13804873838764414
0.13828974813794773
0.13689645866610983
0.137282778528817
0.138198299978453
0.1374241217618984
0.13702824988922152
0.13716975274862153
0.13693850524532813
0.13719734874608955
0.13670827614440878
0.13810838425743985
0.13700422661101194
0.1365207929730123
0.13729137179918946
0.1367954849286546
0.1368165983797093
0.13765140205844453
0.13754793989758032
0.13822443683217106
0.13761893577013196
0.13695416211553071
0.13641133735028024
0.13804610062971848
0.13656014717127418
0.1374404772963475
0.1363249436429421
0.13750370941467965
0.13825546798699606
0.13703555602047338
0.13810261507186375
0.13806314948133247
0.13775584078823827
0.137293722995837
0.0634
0.06383625619088444
0.06262761999722988
0.0634335705261672
0.06292283399028525
0.06398441229338608
0.06384252048394097
0.06280296016295861
0.062467821473431245
0.0628611146270956
0.06326069838086916
0.06353177226781755
0.062450371965540125
0.0643636052922902
0.06324979992750959
0.0630364248728268
0.06376013181205026
0.06245328105169233
0.06285489933838523
0.06326189894277241
0.0632126303198619
0.0628171879825816
0.06342842515640014
0.06299956409869598
0.06296286368758565
0.06260875967624913
0.0629301530214399
0.06268675099992664
0.06336792770166115
0.034
0.0589
0.0449
0.0432
0.0518
0.0472
0.04656315123611273
0.0417
0.0452
0.0386
0.1127
0.0481
0.0355
0.0714
0.0486
0.033
0.0858
0.0507
0.0612
0.0543
0.0535
0.0876
0.08784827849277298
0.0484
0.0477
0.0407
0.0373
0.0772
0.0423
0.0382
0.1192
0.0596
0.0763
0.0452
0.0667
0.0453
0.0502
0.0416
0.0358
0.044
0.0591
0.0663
0.0496
0.0325
0.055
0.05447041128110378
0.0681
0.058
0.0516
0.0319
0.0707
0.05
0.7846
0.0652
0.0657499150901404
0.0588
0.0688
0.065
0.06457420841051775
0.0463
0.0427
0.0403
0.0682
0.0467
0.0456
0.0507
0.0523
0.0418
0.0399
0.039544773104446526
0.0438
0.0728
0.07341192908357574
0.0878
0.0344
0.0469
0.04725454601852193
0.0471
0.0466
0.0507
0.0468
0.064
0.0479
0.0297
0.1645
0.0941
0.0503
0.053
0.0348
0.0474
0.0567
0.0474
0.0443
0.0559
0.0579
0.0528
0.0957
0.046
0.0639
0.0305
0.05
0.1118
0.11188220359931847
0.0648
0.0365
0.0521
0.0455
0.04498082300552932
0.0481
0.0608
0.0565
0.0633
0.0489
0.0411
0.0584
0.0622
0.06278384613355881
0.0737
0.0348
0.0373
0.0456
0.0444
0.0386
0.0389
0.0715
0.0547
0.0517
0.0644
0.0363
0.0539
0.1472
0.14817925725419356
0.0437
0.04311145922509072
0.1028
0.0445
0.0517
0.0443
0.0447
0.0504
0.0601
0.0612
0.043
0.0564
0.0648
0.1028
0.0487
0.054
0.0519
0.0488
0.0483
0.0547
0.05400133623503879
0.0445
0.1372
0.0472
0.0789
0.1271
0.0485
0.0473
0.041
0.0302
0.0293
0.1272
0.0603
0.0504
0.0396
0.061
0.0459
0.0623
0.0352
0.036
0.0467
0.0353
0.0757
0.0541
0.0488
0.0442
0.0492
0.05
0.0651
0.06505337781994938
0.0513
0.0263
0.0534
0.0429
0.0686
0.0793
0.0553
0.0497
0.0553
0.0508
0.0475
0.1401
0.0485
0.0439
0.04446107734395905
0.04414976793402177
0.0462
0.0617
0.0543
0.053961592659666324
0.05403425713260199
0.05343238605258961
0.05504436380327538
0.054742335627806574
0.05361708104014858
0.054403737423036044
0.054278928025599485
0.054269562861223766
0.05508694294223783
0.05485176380228343
0.05522397780419698
0.05427210347260124
0.0538551604206922
0.05424158726743518
0.0538722820459279
0.05471382376208594
0.053443035309545625
0.054321693321340916
0.053675519615961016
0.05346069078244536
0.054687391546027246
0.05344133106862953
0.05377342900829625
0.05496096663287226
0.054043096220609585
0.054492344455627006
0.0546911168736169
0.055127757659486444
0.05447131885547777
0.05497717599608187
0.05522645586688329
0.05409826490281862
0.05420217259836156
0.05347493089460209
0.05524057352392272
0.05503891531000852
0.054854012405658785
0.05386270461786875
0.05392762398628592
0.054113007559671536
0.054056160804228
0.05454143012719265
0.05388965336812508
0.053753432887506634
0.05485990521015783
0.05405651687928531
0.055094551189954724
0.05527671723613966
0.053990279223266414
0.05382371460949163
0.05497427397248835
0.05371266832637344
0.05500347761167735
0.053444621081889424
0.05353112075407482
0.0533949509828593
0.05506390201765615
0.05476219726108001
0.05478094904841455
0.0539070913724793
0.05387661559873342
0.053646922324982506
0.05528947957994684
0.05458087231868023
0.055254283653564606
0.05405830907498296
0.055239396689647134
0.0548133431384877
0.05512497735095406
0.0533101700017897
0.05519543805247677
0.05440235397685184
0.05336387136205004
0.05476917409840909
0.053828694999579485
0.05490917910465795
0.053986067792681364
0.05331732417702568
0.05463348064042116
0.054542953552793386
0.05414719325756663
0.05379771605047682
0.05330913384652759
0.05439147209357147
0.05427152077230041
0.05473580580053418
0.05526501078065721
0.05382062085929026
0.05509322604619415
0.05393282535194703
0.0535506055808064
0.05507556871405089
0.054118196486108314
0.053982066296649915
0.05348734087259333
0.05464064706050545
0.05477946532600876
0.05330772444620494
0.053792830665073954
0.05528828678372808
0.05384982996538638
0.05380359737826451
0.05492391920450834
0.054097994452353325
0.05337167755433064
0.053429780830868474
0.05336725967685579
0.05381785189313471
0.05336827597446729
0.05505187237782301
0.05442144014104934
0.05379850792645632
0.05342020316541892
0.0540750495111564
0.0541477859253676
0.053519730453871296
0.05429408554597091
0.05413414017922342
0.05509274414472578
0.0547928617874597
0.05411200201888653
0.05518524720191852
0.054980942924598715
0.05476402912402477
0.0535534500231075
0.05383458593298218
0.05450475225442017
0.053672128903658085
0.05497516630912084
0.054900381527807074
0.05364721027471715
0.054190937859141156
0.0537967250627537
0.05483753979365982
0.054042134998425286
0.054582534456167606
0.05426247590291719
0.05410615031374615
0.0550441557106508
0.05488951266170416
0.05352502466335047
0.054121301231175166
0.05340169503847893
0.05353202646373746
0.054019029078569154
0.05344556488566025
0.054949344098884446
0.054974175771414044
0.05488127626826963
0.05372236417425804
0.053470255261229394
0.053929193498358854
0.05366392984229111
0.05424897286939483
0.05479865233678137
0.05346828018742429
0.05521748421508898
0.05517693657939506
0.05330248612446832
0.05448860848933767
0.05341938969398597
0.05510811085415428
0.053671768306035206
0.054794998782329005
0.05424586353679242
0.054902045005371186
0.05383566800433489
0.0550491239572309
0.05517844788753152
0.05440820924340411
0.05378338020721669
0.053573086735527346
0.054060194451752724
0.05461612397757724
0.05411265821321758
0.0546321527655842
0.053637159246121086
0.054242797943705144
0.05418638070144977
0.053902845586421486
0.05493503891560651
0.05354523664537393
0.053742984395737374
0.053828317349454265
0.054322829802232506
0.05401695373849445
0.05366612680522024
0.05366872448762899
0.054858121286655376
0.053536308827668314
0.055068271178358476
0.054873186980463465
0.054962235031030725
0.05509019839543233
0.05359757357631092
0.05416328388711406
0.05428814624898379
0.05379438290155871
0.0456
0.0432
0.0744
0.0497
0.0702
0.0381
0.0445
0.0685
0.0532
0.0542
0.0525
0.0542
0.0574
0.0568718746626865
0.0518
0.052701600842646225
0.0506
0.0424
0.04190678748020404
0.04273436744728343
0.08
0.0583
0.0386
0.0486
0.0639
0.0754
0.07586031731482276
0.038
0.0368
0.0497
0.0439
0.0462
0.0763
0.07657203825590575
0.0387
0.03826586098090595
0.0624
0.0537
0.0448
0.0559
0.056769937652330446
0.055526984795513296
0.0457
0.0456
0.045231299840157495
0.048
0.048776381722042274
0.0702
0.0444
0.04420467920772664
0.0473
0.051
0.0425
0.0437
0.0443
0.0276
0.0481
0.0624
0.0451
0.0366
0.0643
0.1714
0.0551
0.0351
0.0478
0.047
0.0493
0.0483
0.0422
0.0469
0.04708429580510141
0.0489
0.04820513983613701
0.0363
0.0478
0.0599
0.0349
0.0552
0.0846
0.0397
0.0444
0.0657
0.0902
0.0517
0.0361
0.054
0.0468
0.0466
0.04647785477191624
0.0706
0.0499
0.1089
0.10968883345645102
0.0453
0.045697902686151
0.0555
0.0461
0.0472
0.0954
0.0345
0.1166
0.0524
0.0438
0.043516186894984994
0.0683
0.0592
0.1028
0.0522
0.0656
0.0506
0.058
0.0588823603336397
0.058005467960388454
0.0446
0.0443
0.0713
0.0529
0.0585
0.0318
0.0403
0.1016
0.10232795107634686
0.0417
0.0662
0.0976
0.0505
0.0629
0.0549
0.05583978479101752
0.1009
0.09995820387167265
0.0512
0.0655
0.0512
0.0605
0.038
0.037095464004149745
0.03826901877987136
0.042
0.0426
0.0605
0.059575991306179556
0.0377
0.0457
0.0377
0.038626199228861374
0.0759
0.049
0.0484
0.0637
0.06382111667558742
0.0748
0.0817
0.0463
0.0432
0.0463
0.0383
0.0804
0.0513
0.0468
0.0584
0.0356
0.0504
0.0528
0.0504
0.073
0.0556
0.0538
0.0342
0.0462
0.0519
0.0510677707269836
0.0522
0.0505
0.049814003444819614
0.0449
0.0323
0.0727
0.0799
0.0429
0.1262
0.12563002188606331
0.12560307910315124
0.0429
0.0358
0.03584498292088927
0.0556
0.0515
0.0526
0.05296436766432494
0.05246741414869811
0.0566
0.0396
0.039
0.03950309109158393
0.0587
0.0616
0.0545
0.0404
0.04114003339162958
0.0697
0.07006473346951207
0.06970946570648255
0.06931173622927277
0.06963073454854811
0.07042452454313183
0.07042202957582275
0.0687658094850486
0.07009235351564562
0.06955661127838751
0.06929365503275625
0.06974902310824156
0.07067556053204674
0.06990274175160269
0.07020993483179677
0.06909370017201222
0.07049475143042888
0.07069788824934986
0.06988823221029308
0.0687672374706264
0.07036791760622975
0.06879215319023768
0.07046563985748379
0.07036908315403191
0.07058634509967451
0.0695246862778722
0.06886388111792124
0.07058777124697109
0.06985239303000366
0.06920525437550461
0.07060146741390966
0.06958942258246435
0.06884376297905556
0.07028071040760055
0.07011945424577645
0.1542
0.15414729371841956
0.15491695266288547
0.15353035302041543
0.15403060712414593
0.15514318426988113
0.1539148640286097
0.1539366811167541
0.15339661602681118
0.15427367476476592
0.15339457528086736
0.15494880081028686
0.15336116741215675
0.1551388707270944
0.1546099483792943
0.15468852253833204
0.1534932595926812
0.15425556281391034
0.15328218999260984
0.15412547930900514
0.15339980889605365
0.15442173539023676
0.15466201279896363
0.1548345445457153
0.1540565382288322
0.15496941420115395
0.153736252452844
0.1539238075903928
0.15368901567301838
0.15336902268858227
0.15447929045476255
0.1544059024157166
0.15396761027684955
0.15438403934452316
0.0508
0.051372189686440556
0.05074676208924918
0.05152111434064366
0.05174141102047751
0.051728463090147475
0.051075984939100656
0.050559078466064354
0.050392254159822264
0.05134221904837104
0.05115332788612987
0.05003503943495838
0.05055273385091698
0.049967083730486216
0.051184698405952654
0.0503489409355127
0.051694853612184524
0.05050329614547062
0.050887335761145444
0.04990216792711935
0.05142444708727431
0.05037864258905957
0.050252560149859286
0.05151181252918601
0.051652176189623
0.05146733107519928
0.05052671392902463
0.051360751775320235
0.05158727572121991
0.05123486364421301
0.0525
0.05207871277668462
0.05269089037469652
0.053352912472544194
0.052060145038334275
0.05178957988335498
0.05298762450029663
0.05174614993779248
0.05342663717417802
0.05171995798232135
0.05168957487202978
0.053042669138529626
0.052295610452144516
0.05322373301765792
0.05176929434911608
0.05286797111363509
0.05238230461767636
0.05238496400290252
0.05255888471314734
0.051683702262688765
0.05191979696607867
0.053102648814739195
0.051644298768094316
0.05214854396172366
0.053425294193058484
0.05342148488643057
0.052319877214719736
0.05153838238819086
0.05292109883750334
0.05289524079481152
0.052147640712005984
0.05219568792770691
0.105
0.10434344452511606
0.10478646318853338
0.10415614523660251
0.10451997502938944
0.10466082953541807
0.10421056004089986
0.10595597863034922
0.10469456129441995
0.10557268321326746
0.10502039964041375
0.10467576112981088
0.10519565640083123
0.10440611837265264
0.10412201372950859
0.10532543148612682
0.10489822977631537
0.10591320192334386
0.10521449039860208
0.105935380455338
0.1043069309365243
0.10469847272094489
0.10413809461512483
0.10475876796915096
0.10406521062744996
0.1056675236188378
0.10510877113994166
0.10507988672774284
0.0533
0.05417972881659812
0.05385553452233213
0.05397989476472685
0.053998562423307146
0.05365218541363213
0.053497644208134965
0.052635119579808584
0.05251680350368991
0.05410465145340398
0.05333090505366244
0.05326752091436761
0.05269936984626191
0.052469860808593026
0.052947999789405606
0.05357651039187839
0.05290791068758331
0.05346598981246683
0.052750151423355034
0.053422282997209324
0.05296495951040053
0.05352031157041252
0.05413722853545624
0.05342593502987898
0.05299491347429789
0.05319265867426598
0.052541015937758784
0.05262841545093057
0.05285705245722244
0.053387100668093775
0.052690393270722044
0.05278138521127479
0.053455115620829025
0.05355928057437182
0.05339849324879093
0.053107651086104816
0.0531256136103917
0.05231049752921882
0.05293484338770691
0.052696846978234825
0.05427148751320529
0.5022
0.5019562241635875
0.5023866901007992
0.5026199294208543
0.5016562899089431
0.5021705397792372
0.5022692125194589
0.5025012044083341
0.5025519946931872
0.5021680258358099
0.5023577020429464
0.5022150388188883
0.5017059703403352
0.5016741804130033
0.5029037800947396
0.5022594633125896
0.5017146144587409
0.5022867085746032
0.5013491934128137
0.5748
0.574152960919719
0.5742287854533301
0.5755374191991158
0.574124592651373
0.5744954981833809
0.5754291017643937
0.5744775863300257
0.5740260922715916
0.5749542443293777
0.5755844510478958
0.5750171039925562
0.5748181822292415
0.574422294717837
0.5746894943864839
0.5744475592143083
0.575215042930452
0.5748907484494368
0.574088787046543
0.5738985282457219
0.5744325494100823
0.5739860666002092
0.5741805960153927
0.5744926499571192
0.5753854122224845
0.575679040125491
0.624
0.6246081927186963
0.6240079564811857
0.6240265222681015
0.624405479143227
0.6233144635672158
0.6237906455975123
0.6248754246677585
0.6236842932620574
0.6235971706196
0.6244081881884725
0.6240284328497216
0.6233288188459549
0.624689683882407
0.6245374343773724
0.6239052696839984
0.6232706255642204
0.6245600591341016
0.6233811183734327
0.6230416108007755
0.6244676859639471
0.6249280588901958
0.6246600843978731
0.6246138817645609
0.6234452413782361
0.6239808566567718
0.5329
0.5336961627597708
0.5323764687021662
0.5326755684368722
0.5320144096611742
0.5336392655086136
0.5329193934912846
0.5325348056765398
0.5324079443357528
0.5333411079454096
0.5331868777001796
0.5321233101903609
0.5320026271105275
0.5328925998950658
0.5328710110526261
0.5320540078238716
0.5329203996034776
0.5328524351709757
0.5336675772653454
0.5327851474550739
0.5328032941790989
0.5334209101622641
0.5328623634527753
0.561
0.5603313888562513
0.5608295163867594
0.5609882965909335
0.5609750299517898
0.5601332303329615
0.5617348620769637
0.5613148861659142
0.561604049095491
0.5619691611279332
0.5603500711101319
0.5605146874533792
0.5612434885535003
0.5610787086039152
0.5612654516091061
0.5605504632872349
0.5605190504562131
0.5603179709158151
0.5600551291821005
0.5613321395253741
0.5609362132470355
0.5602201906322014
0.5607689785973956
0.5601643439824637
0.5617510376160176
0.6356
0.6346934790661323
0.6349932323963104
0.6365914661541624
0.6357181549751466
0.6352984519439636
0.6351106895842958
0.635292381060617
0.6357892711479397
0.6352079395446346
0.635271461813805
0.6362792541709953
0.6351053017696128
0.6349793654030528
0.6356660661983683
0.6361233309478954
0.6348762323048905
0.6358663483055282
0.6346284335602196
0.6358753363140612
0.6360948847828738
0.6360162452006503
0.6226
0.6218987650850246
0.6219872813323744
0.6218347742795963
0.6216383988213369
0.6227484064260602
0.6219616046471009
0.6227608995840471
0.6227505013064385
0.6233154558940106
0.6217474013029236
0.6234400580375461
0.6225482984356631
0.6220564388807805
0.6228903069714689
0.6221544599059078
0.6225008839542518
0.6224098492228566
0.6225264958013565
0.6224985897220873
0.6234545415158491
0.4828
0.48341768454392325
0.48233293751855416
0.4820629456827533
0.4825882007385911
0.483399670440045
0.4820684461679306
0.48190685205724587
0.48234252136244593
0.48313324557467047
0.4827945601360092
0.4825850457383573
0.48284782675938603
0.48211434310983653
0.482780235111711
0.482957812893495
0.48214405945526007
0.48311586849188687
0.48346266463036597
0.4833819889286436
0.4823030777422672
0.6908
0.6909962304666724
0.6899756313426664
0.6898118831497727
0.69012196653262
0.6912045047460603
0.6913410084824867
0.6915065752786947
0.6912552714749443
0.6917331464453245
0.6903173939660728
0.6908799888978978
0.6898245296394814
0.6903313499820216
0.689807874666502
0.6914088265829719
0.6913274263219223
0.174
0.17405292411652046
0.1748127884737485
0.17307829679551273
0.17390224880563296
0.17386742831491303
0.17303403707474027
0.17469164375531784
0.1732698009293977
0.17422020166842223
0.17341718460599953
0.17367474025366536
0.17379474504760375
0.17409479915271905
0.17327330625463652
0.17463305021691883
0.17389708655335231
0.1446
0.1455453355856683
0.14454459021262198
0.14487976125894925
0.0945
0.09447834036658044
0.0950453643573533
0.09480548076952626
0.09400545949030335
0.09424331628010008
0.0949282624704817
0.0952978599102621
0.09497429250321068
0.09502114640626283
0.09420314283874966
0.09462772210730329
0.09429362910882294
0.2114
0.21087979020497727
0.21203924933703475
0.21182852472611005
0.2112535269935512
0.21218009511035954
0.2114499365449329
0.21068002793304372
0.21201401469839254
0.21204640435405545
0.21190397299782968
0.0462
0.04520687801580085
0.04638720973711345
0.0471180984800627
0.0458588226443532
0.046998299868471566
0.04711073216540203
0.04522159297447394
0.04584940804476656
0.046542243131667965
0.04687584860601798
0.045239961238691014
0.1996
0.19884779892346582
0.19882997230561059
0.19886983245760553
0.19956828793884068
0.1169
0.1164785522598435
0.11659730485091059
0.1173769569151167
0.11733060422077851
0.11605145055324459
0.11700845231918829
0.11660554777562712
0.11643241440929174
0.11650221877044911
0.116
0.11562086337039834
0.11605415478417039
0.11630088699713738
0.11591698908240981
0.1841
0.1836395512051664
0.1847459958879303
0.18386368088190902
0.18358785722776505
0.18319253117174886
0.1831473986082435
0.1836455759319952
0.18448696626381125
0.1839176996404563
0.0979
0.09849057732346238
0.09887146931316121
0.09871183204846473
0.09706564624614485
0.09824146022469116
0.09813214056182938
0.09822674873976082
0.09828010123982583
0.09825486978289308
0.1244
0.12376239484882395
0.12492067913524607
0.12401744769397
0.12480533933365963
0.12518464683604916
0.12447186624634027
0.12423454221203753
0.12483612278809675
0.12537941332844857
0.12525312414093495
0.12533955998195903
0.12495849113677031
0.1062
0.10586177478895215
0.10524487907253187
0.10578892191987557
0.10632350013121299
0.10680165255782055
0.1052618195683518
0.10523711813920225
0.10566010305311527
0.1060744537712951
0.10711562599671572
0.10687653143996466
0.1066741465180825
0.2708
0.2711891216864309
0.2706598581222959
0.2717282980464051
0.2707128310494142
0.2717963514001027
0.2704130508186334
0.2712617221402035
0.27019508278222926
0.271503694792984
0.2715060039356063
0.2712026420871495
0.26984066668097895
0.2717278317261011
0.27006224215791175
0.1455
0.1460620356444427
0.1462598374793487
0.1459860055967879
0.1448398699386373
0.1449186741850173
0.14556664981092188
0.1449322944136918
0.14601127393298663
0.1461366116476407
0.14614952595560785
0.1450117581862913
0.23
0.22916020978452425
0.22989700476209884
0.229242627738639
0.22973500502887903
0.2300147949274052
0.2442
0.24454984840830304
0.24329349134533512
0.2449862394135067
0.2443120394532809
0.24339573500798278
0.24338133942244286
0.24452963813039702
0.1344
0.13399369918167117
0.13489682382028342
0.1353153788890346
0.13504445508310275
0.13469918001926193
0.1336543934805582
0.13490267466562952
0.13507719721464714
0.13380423199831587
0.1352497057100395
0.13465921191288874
0.13509040903300368
0.1088
0.10977033944170377
0.1088131608896688
0.1080382666900848
0.10916479500127488
0.10900181381762734
0.10843100725008338
0.0993
0.10012116337894318
0.09855462993205938
0.09886845816167784
0.09993574498405543
0.09890405583179915
0.0999518465902274
0.1666
0.16731401136240923
0.16702013369452448
0.16591367464291665
0.16674980751834445
0.16739512984119334
0.16705398288678613
0.16580551216032482
0.16573762617458657
0.1979
0.19849923612172368
0.19849429780584027
0.1972824337523027
0.19718580258111512
0.1981215117092729
0.19705664634477663
0.19737079069008026
0.19779075963789974
0.1119
0.11172451563924318
0.11288549125168017
0.11097591860288807
0.11107109111179309
0.1111237941782129
0.1125521285175351
0.1036
0.1037238621468162
0.10450879149832593
0.1026569449272272
0.10322803525262092
0.10327791859751917
0.1668
0.16767000180727926
0.1659198362779226
0.16591867919295164
0.16641210252045213
0.16734599277668427
0.1725
0.17219359482506275
0.1720180247927407
0.17231429721661493
0.1719216544595427
0.17324180465312092
0.17161408834120287
0.17275886213641978
0.1717812193608897
0.17348413440268035
0.17154319718997812
0.17290505851656943
0.17293336199936762
0.1888
0.18826566589031138
0.1880473956448444
0.18853737015845484
0.1883255722480679
0.18827313539929016
0.18950092530566812
0.1893073321240799
0.18832683358261712
0.1879348758734967
0.1924
0.19253223511182857
0.19270004726158532
0.19185146834932898
0.19224579436489808
0.1326
0.13328521060121826
0.13308395812515136
0.13331668014152875
0.2749
0.27563892901350423
0.2739810616035363
0.2752225202910162
0.27477368584336553
0.2757762477662356
0.27526174975138895
0.1552
0.15429935153007016
0.15558077469315623
0.15432774452046205
0.15541817824201037
0.1549218137369171
0.15596910679012327
0.1344
0.1353099319314161
0.13524789626845174
0.13367394278377243
0.13411676357762103
0.1242
0.12382329374389828
0.12397257251160658
0.12485507639945478
0.12510780628930795
0.12449488213514188
0.12326134012085027
0.1240572300966996
0.12461689585040027
0.1021
0.10195293121235596
0.10137309170512263
0.10194421380887686
0.10292780979041563
0.10167151733235723
0.1014956352702554
0.10302092125562448
0.10117020383829256
0.10257705265389729
0.10142311446906975
0.2038
0.20281323948324181
0.20464295455756706
0.20335812304991316
0.20411462303798888
0.20387126328946306
0.1793
0.17883837579751544
0.17835144128134345
0.1790554928901089
0.1799373743901216
0.17898561165879948
0.18022512674995278
0.17947325190075322
0.1789933985330256
0.17876575266870362
0.17853843028980923
0.1604
0.15951905562442872
0.15968456791531685
0.1607607238329336
0.16071932344151518
0.16074053581763167
0.16118125665676505
0.16054123171203805
0.1595609596017844
0.15945909622998983
0.1848
0.1855480956650059
0.18496255573055267
0.18546995763114016
0.1857672174233523
0.18464271128210502
0.18408465940881563
0.18404587362590394
0.18540992014673274
0.18399196929593786
0.18569120354899413
0.18438396873405888
0.18506005483157334
0.18469914413869593
0.1336
0.13392826346220527
0.13292064424976915
0.13380184286364935
0.13424514727260425
0.1337661092000826
0.13285047253201954
0.1555
0.15581968219783784
0.15555031879952075
0.15456546943666424
0.15628257220542557
0.15515890391834938
0.15489204646005097
0.15468183431560872
0.15546972407867332
0.1082
0.10897565296200427
0.10871437861223641
0.10917239273181523
0.10721343176924539
0.10823980836412539
0.10826916397885493
0.10848621838304526
0.10765235552790205
0.2209
0.2214694683269753
0.22119395752570217
0.22030591890995713
0.22067582680668688
0.22174019599958045
0.22060735049468155
0.22126904119826543
0.2214329573071698
0.22167662418129547
0.22018955210324972
0.1735
0.17410647471393642
0.17343830558125473
0.1742241805510169
0.1735027087654208
0.1738087537521942
0.1743110691875399
0.17430677955117263
0.1416
0.14149641986262587
0.1411049685817291
0.1414039040534431
0.14144167994306853
0.2558
0.25656216530875353
0.2552437374832252
0.2557385911896997
0.25557150911882776
0.2567373717542065
0.2551885359528226
0.25534659323169817
0.2565583289255169
0.2563092424582326
0.2549627607076486
0.098
0.09873167863423242
0.09780970907330946
0.09812085908226462
0.09797245507631784
0.1221
0.12113686497500327
0.0989
0.09949417225489687
0.0979658888825419
0.0927
0.09269870880679147
0.09253801499047264
0.11
0.1558
0.15552612282058995
0.1552
0.15475553533740818
0.0937
0.09451811960628609
0.1514
0.2017
0.2012477758339064
0.20146107036137184
0.20122173364443935
0.1653
0.1643418879194592
0.1448
0.1418
0.14239886151872624
0.14146456875634633
0.1448
0.1618
0.16202541209683416
0.16252516272057094
0.16221713612459113
0.1624
0.16267238054954125
0.16200973126067103
0.16295062657002485
0.1041
0.10458669458665562
0.1946
0.1951740235464845
0.19546523060675475
0.1349
0.209
0.20931499728055994
0.20958057554460852
0.20831710256334496
0.208585667504937
0.1004
0.10097434118539583
0.1191
0.11962557868084082
0.1611
0.1081
0.1077469677247947
0.10755391709734903
0.10738139824540449
0.1082697861391558
0.1921
0.1911225800577887
0.1916786090372158
0.19278451826818355
0.1592
0.15975322439962486
0.1345
0.13529509798900982
0.13451168609356484
0.19
0.173
0.0853
0.08487938457679176
0.08503288706876336
0.19
0.18941196674253993
0.19059607862988392
0.1882
0.18864762925821496
0.18886638863612523
0.18834744967371495
0.0686
0.06954977480744344
0.06823404553074394
0.1283
0.1291676799304891
0.1473
0.14750961208208485
0.0827
0.08274168404013638
0.1195
0.136
0.1095
0.1286
0.12902621362712013
0.1279750511620884
0.1807
0.1256
0.1254229246736302
0.12511773180701885
0.1096
0.1117
0.11240027648779494
0.1256
0.12619372456410285
0.12637460105690568
0.12465820257942528
0.12522560588932757
0.1249207933996023
0.1273
0.12632593235792205
0.1755
0.17600803578317487
0.1253
0.12605881148133255
0.1372
0.1370646371542936
0.13747964492365033
0.2448
0.2440791158606119
0.1483
0.14885265388554775
0.1334
0.1744
0.17408674809382976
0.17362344302617624
0.17503750935577053
0.1055
0.1475
0.1241
0.1577
0.1570783508835668
0.091
0.09182466558443193
0.1448
0.14387012023685872
0.14529215484714395
0.1814
0.18122841421597802
0.1506
0.1501863738782289
0.15109476185686221
0.15143468358955056
0.0876
0.08777863824272839
0.08835836276586655
0.0996
0.09981788126475623
0.10053534345124578
0.1191
0.1184813029177429
0.1200656358322647
0.2587
0.1299
0.2587
0.2583508842615476
0.15004779845148578
0.1197
0.12062402987214514
0.156
0.1556334183435615
0.1176
0.1924
0.19181126486126357
0.455
0.45416681876323695
0.45496141809479546
0.4546825977398228
0.4549132851657552
0.1122
0.11183359446925192
0.11185292221905846
0.1625
0.1241
0.1455
0.1241
0.1588
0.1394
0.1824
0.1818372382041432
0.18183614490510733
0.18151795911647522
0.1588
0.1597066663084789
0.1058
0.10517441858909501
0.10524534974927023
0.183
0.18370165765252228
0.1078
0.10743484074010361
0.1246
0.12360951990921631
0.12498735323607985
0.1542
0.1232
0.12353811793277343
0.1231039123218297
0.1277
0.2554
0.2555788234996234
0.25445923022808253
0.254680829925033
0.2549555327113804
0.2550990070121681
0.25558511058555405
0.2553323635389311
0.2551769604298299
0.2552577286609836
0.25626308214669835
0.25544576481805004
0.2549063457030893
0.2549381415160601
0.25613708979403205
0.2551509616373959
0.25521238159967513
0.25618588813856175
0.2558556093277903
0.2546577929838909
0.2561247259464032
0.25544070137254604
0.2556382165182063
0.25471125404213124
0.2544814983298567
0.2548193247920652
0.25451071243870965
0.25517024718113573
0.25596518306161764
0.2557671129700913
0.2563398325646813
0.25606113458432417
0.2550297249762256
0.2550283222092951
0.2555253097923134
0.2544855753147776
0.25562113145151616
0.2545130146486771
0.2556524057349208
0.2548991843310807
0.2546085664067279
0.25632243391519177
0.2563304214719624
0.25467909565170416
0.2545065623496625
0.25517769523408873
0.25496471770697265
0.2550459964212422
0.25482551853083407
0.25577238834202426
0.25527695871756895
0.2545310348810069
0.2546887625153666
0.2553592529620599
0.2561798041026012
0.25527649102871064
0.2547685110134706
0.2544464683327652
0.25441035406503265
0.25586806885204433
0.2554997412880102
0.2545409545123866
0.2562662783730482
0.256315596293953
0.2544953953322999
0.25465332208151203
0.25469199307144313
0.255448410146541
0.2553997149362102
0.25512798030889916
0.25632954031528954
0.25620368119957954
0.2551155491294995
0.25479857340729284
0.2555456364711878
0.25561122752072174
0.255083596073946
0.25627951455933445
0.2556757983620972
0.25545097593448185
0.2551678958096401
0.2552725964472412
0.2550487158141321
0.25612714866771646
0.2559710358198796
0.25531177673264716
0.2562440217304538
0.2562339216436966
0.25575299480264047
0.25510879482761395
0.25639526688552533
0.255520359787601
0.2547804422963829
0.2547147950939466
0.25523366138242354
0.2554718405618271
0.2558802427442313
0.2558339662244502
0.25491365742692423
0.2544587003120031
0.25536429826043766
0.25572881094280403
0.25633533672377
0.2556664189565643
0.25493828001546315
0.25626521380541534
0.2549746881617863
0.2554364743147841
0.2557934380767466
0.2544083097726113
0.25580439407450767
0.2555060366971004
0.2553115904024354
0.25632285307993824
0.25445486207018264
0.254761100108085
0.2553134615529629
0.2562889763702736
0.25448695285441203
0.25637569249418196
0.2555026592352355
0.2560153907072009
0.25482841016244817
0.2562297946633424
0.25628857009219175
0.25474294140508424
0.256040568283617
0.2548601773937158
0.2555495880060149
0.25588993099795254
0.2560373694833655
0.25480191607272756
0.2558717767090889
0.25523269795359793
0.2545130377833658
0.25495704481191844
0.2546150757523231
0.25469156642176727
0.2558982173869509
0.25516717624813406
0.2552499493444021
0.2556616966752663
0.2551834617718175
0.255064482244269
0.2549824030631308
0.2548886867385099
0.25540142013572903
0.2560565555900671
0.25565614274359433
0.2560705223850668
0.25479273488708065
0.25452805161752523
0.25540098707365466
0.25443014213481613
0.2552926229481189
0.25497547959111067
0.25620853727913
0.25515168476512523
0.2553711120231317
0.2560617972850251
0.2551275084330361
0.25550990778487903
0.255257636123356
0.255646578892595
0.2562040271275959
0.25612548990160094
0.2554307146589326
0.25561736233448873
0.25546008466547
0.2554877377151636
0.25544678291454515
0.25539153721936747
0.25620030089937684
0.256350499527226
0.25513677892353803
0.2548736791853845
0.2562140394854146
0.2545576083096728
0.2563681631556657
0.25554706327735
0.2562013637182867
0.25514281366271835
0.2546774672977361
0.25515086472780824
0.2560857383951437
0.25495460458420777
0.25615214102577594
0.2563439792853597
0.2562057683970972
0.2555033712602192
0.2558982714831372
0.2551245969713244
0.2549035659793863
0.2544162143442191
0.2560666856743551
0.2559789535138443
0.25624765800516675
0.25608328734161473
0.25602073596335656
0.25520862625243085
0.0451
0.04447722012010442
0.0437
0.043680826378413695
0.0324
0.0396
0.039119962037775284
0.040250770603207746
0.0491
0.04983305743659833
0.0288
0.0463
0.035
0.0461
0.0911
0.0659
0.06633380026239365
0.0261
0.0447
0.1116
0.0771
0.07627505244831903
0.0457
0.0687
0.0529
0.0456
0.04634695775652184
0.0444
0.04507433913836126
0.0515
0.0409
0.040825847729040944
0.04142047956958316
0.04125339964870941
0.0337
0.0336034191793843
0.03357893082540738
0.03273587463588092
0.0353
0.0419
0.0569
0.05627734275682177
0.0612
0.06049404407071878
0.0451
0.04569572672846105
0.044994843439658705
0.0803
0.08104696941893938
0.08115861511368196
0.08124945407621102
0.0522
0.037
0.0354
0.03483249120186251
0.03601974973193461
0.0545
0.054361005293785514
0.0515
0.05099683525747455
0.0934
0.09326348944402384
0.0484
0.048031662705555075
0.0645
0.0428
0.04318939315280082
0.076
0.0647
0.06536153410623484
0.06503597619714761
0.0633
0.0477
0.0358
0.03573895522849389
0.03666020635046071
0.0579
0.05873095219853739
0.0394
0.03991501032491891
0.0393
0.0373
0.0564
0.0445
0.045430275353832705
0.0466
0.0588
0.05927753647339003
0.0396
0.038857723481123686
0.04052924449416021
0.0274
0.052
0.05122789243263678
0.0717
0.07129374980459979
0.0538
0.05316942962983811
0.0558
0.056033139008263864
0.0703
0.06955990397278407
0.06997027717957294
0.0541
0.053996527359904206
0.0371
0.03703034136007953
0.03745713383515579
0.0529
0.05229850762294596
0.052751429248776106
0.05364269167478213
0.0472
0.04793920706474366
0.0797
0.08061378907949189
0.0646
0.06455974077257175
0.06434860703815093
0.0443
0.044456656247973035
0.045
0.04518370177051864
0.044778853263568986
0.04403034380091224
0.0473
0.04807902528608266
0.046700701252092316
0.0446
0.0524
0.0668
0.06779405732944228
0.0422
0.04169803630357666
0.0402
0.04027185204699296
0.0798
0.0508
0.05120510464825754
0.0383
0.03769343763077597
0.0599
0.0598964727099576
0.062
0.0426
0.0283
0.0278950518009694
0.0426
0.04261580547999034
0.0443
0.0857
0.08584497993853464
0.073
0.07321952239600273
0.073924022428693
0.0492
0.047
0.0378
0.045
0.044545700621146586
0.0767
0.0835
0.08280270093498732
0.0469
0.04641702802309789
0.0317
0.0521
0.051752783954612254
0.0392
0.039735911707662636
0.0384617684219915
0.039679867251682974
0.05
0.053
0.05241476045811404
0.0530808002635993
0.0356
0.03577093098940363
0.0411
0.0483
0.048792502078920955
0.04822385999403476
0.04817476172154172
0.048337270934757766
0.0463
0.0339
0.0442
0.044886665451210075
0.0388
0.03904817609102104
0.0542
0.0324
0.035
0.03493353289543941
0.0542
0.0395
0.0523
0.0374
0.037595388360603665
0.036507779892105414
0.2188
0.21845248251117458
0.21870154451696064
0.2190397858946146
0.2195728382815674
0.21887598365489228
0.21914112382192172
0.2197294909949878
0.21859301760841518
0.2188010458698935
0.21893430345692438
0.21862482240002687
0.21794250224076234
0.2197843189994255
0.21838186746956087
0.21930629461080717
0.21787360533647557
0.21960133214186606
0.21910781441933336
0.2191114876536404
0.2188358894394594
0.21971997780327887
0.2196876168472446
0.21886817231663452
0.21849963382295307
0.21976288514377582
0.21893979120401744
0.2187713134928466
0.21882819554987518
0.2192233889315763
0.21798837907385318
0.2180706273249311
0.2184208607278262
0.21872553071073286
0.21870775121244232
0.21934778175393863
0.21868619969998362
0.21925320038901755
0.21873099879458086
0.2180968161727002
0.21905806902832076
0.21897542048627602
0.21876750223181157
0.21780982794457965
0.21834577144302786
0.21902286725021256
0.21785648005666938
0.21954706487079467
0.21923112822540938
0.21978663740134316
0.21975748234480938
0.21862308127858354
0.2197423022016731
0.21856418823991028
0.21889007895780419
0.2196690490915443
0.21973197795897106
0.21932401298786652
0.21832518292444744
0.2178764837865238
0.21787280416356597
0.21786372655965577
0.21843401365123846
0.21850223181129305
0.2287
0.22940443612674186
0.22877684002617732
0.2285934172166956
0.2282988959330867
0.22910772824900708
0.22798007833922
0.22822066049475895
0.2296676141657311
0.2293348231894368
0.22859947216942283
0.2288635140563565
0.22953228435970735
0.22906241060686594
0.22784861206219925
0.2289689782933726
0.2280457251543259
0.22836525606885674
0.22907803648411612
0.22772275401221326
0.22802762991019807
0.22816084802197106
0.2293780504245691
0.22934536321655294
0.22922814162241031
0.22842146924094842
0.2278321845321812
0.22963532091406322
0.22850186011333976
0.22864141520327827
0.22817456194766783
0.2285569669065986
0.22865585205712352
0.2278294117029797
0.2278055965345326
0.22879354216060419
0.22927248468774725
0.22813867797962983
0.22915911721432902
0.22808653589017042
0.2289491259636902
0.22949775077169646
0.22868347686032003
0.22859230463490465
0.22852269852948148
0.22878307957209446
0.22926273936697222
0.22835567951937286
0.2292739601357601
0.22921864625855304
0.22879581067522914
0.2292072270712294
0.22896147662667254
0.2290590182613342
0.22844950418188714
0.22806471996794728
0.22832331864417932
0.2288481729384072
0.2290344100694268
0.2284727405640386
0.2294338289428465
0.22942185474077847
0.22890535892865832
0.2289877552478493
0.22895959022798726
0.22950561051236718
0.2285809649957598
0.2279168445427584
0.2293650894969624
0.22902037446350584
0.2287229561318894
0.22848072743319206
0.22802193332980425
0.2672
0.26699577624007415
0.2670240112646084
0.26717202244057536
0.26779265460731755
0.26703317411878863
0.2669251185517784
0.2665232248882544
0.26752145033843533
0.26672190106770466
0.26789442585453005
0.2669867532004931
0.26672110348269873
0.2668997633856157
0.2667106519239313
0.2665382653552668
0.26754066788301417
0.2664597268987486
0.26635782006397857
0.26689360425745307
0.2674914279038346
0.26818912536592393
0.2669383201210476
0.26770775920576323
0.26638329756393153
0.2673450523317403
0.26744149094165
0.2677154743609343
0.26624578953499944
0.267716571326058
0.2665712096345418
0.26776218840499866
0.26781275061755827
0.26700615087231633
0.26695462539417963
0.2667378950719083
0.2663484175281644
0.2675547342818147
0.2675706723328511
0.2670379600440965
0.2671413397245183
0.26815192686782874
0.26723143929234616
0.26753607087789
0.26649445756454604
0.2667760113091899
0.2674375335425952
0.2665799734254074
0.2679826120169943
0.2670244340839549
0.2673269646781506
0.26776134081270725
0.26656710357418356
0.2664865217374623
0.2666138228461158
0.2672113939911147
0.26759816663750724
0.2677661723259839
0.26620466636520557
0.2673632159899862
0.26709318433514045
0.26800705941550246
0.2676413247571902
0.2377
0.2386455394513025
0.23732090372080256
0.2375468405922575
0.2367196762806096
0.23864741554303917
0.237489214876455
0.23771530297819451
0.2382904031290797
0.23702235972760674
0.2385214826142073
0.23768671171141456
0.23720023413580374
0.23798110358693303
0.23675260098184128
0.23750717252175096
0.23689878624630167
0.23854280595169008
0.2368651921209039
0.3127
0.31285740509084026
0.31215823475230847
0.31293374168356425
0.31254188389718734
0.31339756598113533
0.3136949930792714
0.31355798859112666
0.31348436447918343
0.31290671153337685
0.3122717394779307
0.31364808145969036
0.3117230672903532
0.313481398027
0.31289227480816934
0.31221435906916595
0.31359611335557336
0.3124001908915126
0.3120419011803793
0.31263273002627784
0.3135444836913746
0.31360381537061904
0.31343762719117657
0.31201813803043293
0.3135224924638404
0.3946
0.394897099712906
0.3945647804585441
0.3955549368921435
0.39361872519576363
0.3943589554417464
0.3944801246428356
0.3949283589975197
0.3943911521011794
0.3949602036595238
0.3951800706776196
0.39546544568601694
0.39539375939836224
0.3949012897137482
0.3946128245553593
0.39443264265741756
0.39446629002581746
0.39371942671781057
0.39409157493817526
0.3952558955133856
0.39424655263233355
0.39465437734959186
0.39488891695076805
0.39549544432734685
0.3954671748376413
0.39426160420390316
0.39427517405260964
0.39409433149601836
0.39538450497836836
0.39459892580342554
0.39528596627824514
0.39403134194375933
0.39390554512595455
0.3946546282658762
0.3943343490995389
0.3513
0.35208357112287003
0.3507944785679281
0.35049476267604923
0.3503417059099448
0.3515684333316763
0.3516778954436533
0.3504034184785371
0.35118664250370335
0.3516338461419995
0.35109423940164725
0.35128593618198856
0.35150147980245755
0.35135054996544807
0.35172859298972087
0.3510918564230102
0.35192099270857274
0.2806
0.28142883358575804
0.2796643573137358
0.28017331171089477
0.281549770957365
0.27988186132827136
0.28067358428038314
0.27973757154136725
0.280988918033523
0.2798643229094895
0.2810069618628651
0.28023524148865886
0.28028715126925535
0.2811306108234695
0.2811241388063247
0.2806436580924072
0.2814872850987901
0.2801359119998714
0.2801736266521442
0.2808457233095046
0.28044800732544417
0.2808128839436895
0.2797317565236408
0.28025558563959607
0.28101844918198843
0.3353
0.33451813069456304
0.33569255914791285
0.33483715176604895
0.33461899617050184
0.3362308920268565
0.335444862237636
0.33599697558701824
0.33529970092285366
0.3349000607265042
0.33627447505460234
0.33460749153751057
0.3362010031306529
0.3345075547103657
0.3354849714681301
0.3361922104796813
0.3352237934509599
0.334794601963377
0.3353983974267367
0.3360098213482597
0.33488068346248173
0.33602958804657007
0.3355171628891843
0.334978158363486
0.334868869669122
0.3349064368745285
0.3186
0.31814799794949056
0.3195326223676346
0.31936436854883843
0.31777026318889073
0.3193694322696551
0.3182715831542123
0.31875913021429725
0.3188812173582938
0.31920203532959696
0.3186652089338767
0.31771037124791035
0.3194620681666646
0.31948878305853384
0.31791894052079533
0.3187861377404688
0.31914641574638414
0.319216687370835
0.31861335411173314
0.31821954375299205
0.31849635025279066
0.31845185387746644
0.3193716045185105
0.3191146535507116
0.3190770302672797
0.3190869345580352
0.2908
0.290887656413843
0.2901174451012796
0.2909099847925657
0.2898534040100845
0.291431310180196
0.29061062195735726
0.2913435259265164
0.29079556133592116
0.2909341599186761
0.29084069478860886
0.2906514803531391
0.2904223845452906
0.2899005048638375
0.2910918342935745
0.2908113717643579
0.291787769292324
0.2902243467648535
0.28999321476032547
0.2907653241672567
0.2900671675300428
0.2914835193142485
0.29130109946537763
0.29128232521877967
0.29056410252331627
0.2901486234630737
0.2907289829577059
0.1794
0.0533
0.2536
0.2842
0.2515
0.2478
0.1758
0.1872
0.3287
0.2475
0.2485
0.2274
0.1818
0.2036
0.1739
0.1844
0.2282
0.2897
0.2735
0.2844
0.2897
0.2242
0.2766
0.2293
0.2115
0.1579
0.2713
0.1557
0.1837
0.446
0.179
0.2492
0.2982
0.4608
0.2206
0.2784
0.3454
0.2733
0.2499
0.2004
0.2986
0.2331
0.2887
0.2575
0.2504
0.2705
0.1916
0.2701
0.23595602096160165
0.5513
0.2872
0.2932
0.2466
0.0852
0.3016
0.2566
0.3314
0.1937
0.1356
0.2845
0.2019
0.2368331998146097
0.2304
0.1609
0.257
0.2181
0.2133
0.2307
0.7496
0.2272
0.2322
0.1094
0.2404
0.047
0.2912
0.1403
0.23917955309908287
0.2228
0.2984
0.2358
0.1761
0.204
0.2352
0.0608
0.2589
0.2463
0.2236
0.3096
0.2836
0.1647
0.2915
0.4114
0.2368139731566417
0.1673
0.2359964176492123
0.2114
0.1337
0.2056
0.1769
0.2952
0.2384
0.2797
0.5354
0.1962
0.225
0.2393
0.2201
0.2217
0.1467
0.1858
0.3214
0.2583
0.2005
0.4504
0.3937
0.1619
0.2937
0.152
0.2681
0.2197
0.4101
0.2891
0.2714
0.2813
0.1922
0.2334
0.2644
0.259
0.2362747187255906
0.2197
0.2400074460315884
0.1341
0.2218
0.23479630318418532
0.4179
0.2223
0.2645
0.2357
0.3204
0.2799
0.2873
0.1882
0.24010382651286682
0.2619
0.3074
0.1133
0.3557
0.1774
0.1829
0.1003
0.2345
0.2634
0.2771
0.2332
0.24382186738786427
0.2459
0.2015
0.2221
0.2459
0.1527
0.1811
0.2097
0.2542
0.1468
0.2615
0.2478
0.2723
0.2005
0.2064
0.1434
0.2452
0.2431
0.1675
0.218
0.2689
0.2076
0.2517
0.2888
0.2238
0.2053
0.107
0.1779
0.2647
0.2334
0.1762
0.2212
0.2136
0.1133
0.1564
0.2169
0.24441850801453974
0.2063
0.234
0.3134
0.2373
0.1759
0.3265
0.24263673179833176
0.1467
0.2368823174321807
0.2276
0.22778652006325492
0.2274447565784934
0.2273047117674378
0.2285972169402788
0.318
0.3173213729978215
0.3182548448832057
0.2384
0.23928203396784653
0.2386043683118272
0.2393626326781812
0.2529
0.25254487054139235
0.2538291889527661
0.25381342185079075
0.3051
0.30467869316824475
0.30516555659149475
0.3041676433283153
0.30500504309925996
0.30435025338925875
0.30464403636467696
0.3636
0.3641627521076287
0.36429807481442406
0.3639451561559521
0.36336304823069987
0.3047
0.3037727632494442
0.30455334003971263
0.3106121633907104
0.3087161445225361
0.3131933562852127
0.31229199607644725
0.3138929284321075
0.334
0.3342780244285379
0.3333773719097439
0.3339601508641898
0.33419537785543135
0.33413286767943245
0.33422882012209804
0.2221
0.22152784448266272
0.22275876546733292
0.3663
0.36562661293130816
0.36726234208630526
0.3659151130450476
0.36572900283449583
0.3117856919747792
0.31101787649778206
0.3119532981636311
0.31550110201423304
0.3130057308592575
0.3105904261309799
0.3150719345278028
0.30947448038757003
0.30695932228700284
0.306925321824953
0.2342
0.23390920853042282
0.23366146422978618
0.234426078819202
0.491
0.49052756170860273
0.49093029542235833
0.3692
0.36898308022478343
0.36894182781881635
0.36901512807545744
0.368848884025391
0.36997151211517765
0.36996852591663304
0.36895473377148225
0.369672336263972
0.3686818466522906
0.36935727010200947
0.36989722052755164
0.3164
0.3161807336425647
0.3173375690792352
0.2692
0.26861789519704965
0.2701441613002123
0.2692498941953942
0.26881731853589313
0.26983044877612156
0.2698225435837063
0.352
0.35192168723838974
0.3512499886615348
0.1797
0.17975277178086554
0.18015667343619637
0.17949075009403334
0.3161374567877963
0.3092577592240525
0.307987845333467
0.31387915727283305
0.3461
0.34633384858570226
0.3461573128909411
0.3675
0.3665420195335859
0.36814279663929017
0.3678571996165399
0.3548
0.3549420694054566
0.1453
0.14551070649746997
0.1452447524005431
0.14477495380958713
0.14453711492245808
0.4019
0.4014611005251935
0.4025576475909869
0.40252092949551
0.3231
0.32266520540312943
0.32272611627138803
0.3229594697033859
0.32409361046394136
0.32331806030179067
0.3238580783648531
0.3106429705439386
0.30875626354812513
0.3107478791386672
0.3164
0.31702327780093537
0.3167252165387037
0.31730839926884236
0.31604344036767357
0.31550248060243563
0.3159438287121319
0.3167416420688903
0.38
0.2581
0.25875722507342624
0.2589701939890025
0.3331
0.33403388868715145
0.33401970618979143
0.33225088135662956
0.33328933813267136
0.33230874603255095
0.33248254103904396
0.32
0.3200237957574149
0.3197318470341528
0.31981980005608607
0.3199024700637257
0.3200034896440019
0.3204258041215694
0.3674
0.36662879992344133
0.36832106210361804
0.3102526995490828
0.3136549335038528
0.3069961049553482
0.3114496743696399
0.3120563307669373
0.31348309573360766
0.3157419659512804
0.3162805611671619
0.3196
0.3199628397336217
0.31998654459260795
0.3205415523362343
0.2789
0.27875349309124736
0.2797173720181427
0.27829723939979967
0.31279521138198274
0.31572235060587334
0.31380861837949786
0.3155909609582191
0.38
0.3799846372149206
0.3805361806417226
0.2282
0.2274502710093487
0.22910376295904836
0.22897582608398365
0.4855
0.48453951838632603
0.4856422468898576
0.3177
0.3177433646625591
0.31836392473627323
0.31715324173537657
0.3185792113802075
0.2676
0.2673240194724054
0.26769058311070926
0.26777244375328874
0.26745306664083496
0.26709988153050984
0.2673028205615668
0.0010129859031458455
0.0021439356993502323
0.0027515815224974103
0.004792349336699934
0.0026911120865482797
0.0010167787360720326
0.002891452322354409
0.0007455054298092945
0.0006325771068184625
0.0021387073001960678
0.0023115285738176073
0.0042313438781005136
0.0023573224773761293
0.003566629636052831
0.0034747670773760055
7.563199624642438e-05
0.0016844509945744411
0.0048956279957305
0.0032309526884110136
0.003462264376849644
0.004945703418064976
0.0046351712061173415
0.0025821927844963807
0.0007467391655443575
0.0020199297688463648
0.00022127177313726026
0.0014447500431299335
0.002854974733849376
0.0030869506251655398
0.0028737882229762255
0.001397140716042492
0.001375485888682769
0.0004554418786337092
0.002272868759555984
0.003712521808355191
0.0013357906524278842
0.002858583679894201
0.002612807906014484
0.0005523885850057609
0.004458841945536965
0.0016302475080307265
0.0011031189727969595
0.0014438229371111088
0.0036584368607634255
0.002231365756399021
0.0011991931800690355
0.0009320887695756673
0.001343679508204285
0.002189096568154879
0.0012326244979125288
0.0007998699752779399
0.00027697721387204624
0.0043625792506873885
0.0010388131796832045
0.0006180133465488961
0.0016540287050633463
0.0025608359771089727
0.0029707994793434075
0.001919501858825814
0.0020899049970324705
8.070745654046012e-05
0.004210650436452356
0.004211994178591202
0.004661150633553044
0.0008691981191390197
0.002454966014643461
0.0010039889274532365
0.002021147761920655
0.003146494413074263
0.0026373746009175003
0.0028860472938657166
0.0002942408728225654
0.0006766438425624584
0.0008594147234496727
0.004804461725107084
0.00465682395139611
0.00015197840765094565
0.004775680274901853
0.003506844859809015
0.004884015925149697
0.004915726738832261
0.00447208929133634
0.001968166755576174
0.00275956948978983
0.0001411465008179999
0.001361722850739665
0.002354971807995426
0.0011198343054567585
0.004034904552862117
0.004064482074702885
0.0011867364444867181
0.004663451607670016
0.0049910871914402724
0.003914184592942099
0.002292119813552299
0.0019805054495757547
0.0007102378626985253
0.0039059615163927223
0.00241270910047091
0.00010307074160619597
0.003997936897593944
0.0004251941461071171
0.0040356608559966945
0.00159394100149107
0.0036516254114091406
0.0027158691215720806
0.003347820061011462
0.0007456850139159555
0.0011323039237578483
0.0009536514567949307
0.004672050358590806
0.0012608553212313956
0.00300284681521088
0.003753328028613774
0.00175538374237864
0.00020199787941034206
0.0025076450898057325
0.0008649924619376628
0.004661099671960308
0.002172862206616928
0.0025360976841152117
0.0014340394513347433
0.002156817973274291
0.004060451838904374
9.105047124531845e-05
0.004182006388410373
0.0028010867940336318
5.3269824824825514e-05
0.0008290222971022677
0.0027151047676344142
0.001924587753685896
0.003034293181248535
0.003643967432360353
0.00048196657634161453
0.0014032142972037745
0.00295385959058122
0.004735076220620444
0.0014944007597919098
0.0025525375058966394
0.003681501433762221
0.0025330700447983435
0.0012060076836526525
0.0030189576851948176
0.0025825118238263327
0.0037876382090100387
0.003920201850385711
0.0035971832201583042
0.0018231706424090654
0.0006345749637606014
0.00189811583752704
0.0015086510879057762
0.003386344128998444
0.0003168291272712667
0.0004476157020707073
0.003227939080587972
0.0033318718369984993
0.002054025492584005
0.0010315726646773363
0.00022699808955614978
0.0009289412347849484
0.001746682784057517
0.0017176362171322456
0.00030299111655016954
0.00028377042541975414
0.0008749451429990755
0.001525046357949835
0.004872605402626849
0.002957359697499984
0.0009440867198844257
8.37497490085012e-05
0.0001809924711241532
0.0005513277483812614
0.0001283132195350591
0.0017183108778219915
0.003642103409898379
0.0028926228523397978
0.000724797997380692
0.0007130714056551588
0.002123345393914897
0.0027172314029205802
0.00023486407539041222
0.0031712365008715014
0.002979134050846317
0.003913622342577254
0.002049635357722147
0.002366819426124333
0.0009967907717688658
0.0007588474805992861
0.0023639346741474335
0.00491773777768256
0.004040097581450312
0.0025424987647326125
0.0048575452917909035
0.0006357983823124594
0.0006004326272494162
0.0019677859508111673
0.002149443304346248
0.001681052620299264
0.0008876806617419252
0.001872279120129756
0.0673
0.06702585017704768
0.06818879967716537
0.06796365743038489
0.06651074469153484
0.06819260736993017
0.06790099911783827
0.06677801740769082
0.06660024381890174
0.06821397690514246
0.06793829874071705
0.06670604790360136
0.06711782361542748
0.06719298653570643
0.06786989434785685
0.0663307455939164
0.0668887739945712
0.06790157433470968
0.06807467287175016
0.06734113707794764
0.06652340329931831
0.06637909421799904
0.06804627499595281
0.06750884671037453
0.0547
0.05390769167533508
0.054958605070140755
0.055223948197713854
0.05404198303354591
0.055337987213711005
0.05554283878966434
0.05415985667565471
0.054498897020682856
0.05412008606931247
0.05401109206688839
0.05528442854444783
0.05562955888162222
0.05484664568091965
0.05448488618943188
0.05393114095132572
0.055304562769764004
0.054644593095137924
0.054271208878325726
0.05502407555699939
0.055083476096252894
0.0501
0.050129831513703746
0.04925021048209558
0.05043343746152468
0.04968835481878627
0.05078672959359648
0.04970127898204265
0.049897846775356476
0.049104978957965256
0.05002202559270356
0.04949899229124904
0.04974150077136511
0.0509238188140618
0.049623687927251435
0.05044653092139958
0.04947487447096152
0.050977501952269307
0.04929668086166555
0.0499939149372377
0.05036475472136784
0.05047547995834209
0.050243476904957875
0.050414926311934775
0.0836
0.08333699325248634
0.08288224768560408
0.0843476781678658
0.08427289652334884
0.08333926028141535
0.08376364573865573
0.08285719901823037
0.08292513688229983
0.08413594733315438
0.08445897069647659
0.08371042686440197
0.08298808366743268
0.08456054363994762
0.08398490857534546
0.08448046927694305
0.08349333146969577
0.08400474007928131
0.08386520548987833
0.08392201835403053
0.0442
0.04457060633823653
0.04372982229016346
0.0442568477896562
0.044837349540504126
0.044965661978076304
0.044044081781446094
0.043645912454252096
0.04420524470926345
0.04350232445034287
0.043543674559738656
0.04472078115045089
0.04505161068293806
0.04403131987374528
0.04394694084914224
0.04411397528758311
0.043564021929166245
0.044714214227703254
0.04366643848997367
0.0445005540507429
0.1108
0.11034036463364692
0.11057310138769595
0.11021563773625437
0.11077131650979814
0.11042241719467598
0.1107657527818483
0.11164768696591831
0.1108070438756718
0.1100019868814402
0.11009741348862646
0.11002424794203726
0.11026018563564441
0.11135622029366449
0.11086286082224578
0.11047351011178992
0.11027639009937795
0.10998405630069077
0.11046303732390954
0.11114848278730499
0.0465
0.04731785297354309
0.046968867727825755
0.04643175362228885
0.047277298709458036
0.045907117503290094
0.04697155788157561
0.04713100607476313
0.046054566128845294
0.046044063622573905
0.0463406422470441
0.04665383443331117
0.04558052054325247
0.04707548655579783
0.046815121161443665
0.0460524859902432
0.04565379128875421
0.04648965030670511
0.04551721206521671
0.04608248148571823
0.046455156367104095
0.046573712858806335
0.091
0.0903267556690088
0.09138451078330305
0.0902713070643309
0.09078023507689638
0.09192980242853813
0.0903501470295157
0.09179823475942527
0.09111644575696516
0.09119298963505597
0.09082562844309583
0.09090785110211852
0.09161510010570632
0.09076286762760469
0.0909851870609933
0.09111273480753632
0.09073855287251405
0.09167830601191305
0.09031618508967719
0.09030338477906838
0.0916571058862659
0.09027903359200534
0.0918988747840165
0.09120365631239982
0.0910538277685591
0.0911361970128327
0.09120884318129302
0.1299
0.13073092804102487
0.12903050737385868
0.1306515300248968
0.13088215284005017
0.1300592215021917
0.12902689220024136
0.1292543111935934
0.13013761890256187
0.13021774762114216
0.13046813658194853
0.12982885930713817
0.13016960830916607
0.13062528659078773
0.12963033682730687
0.12977091116853226
0.1302686734925082
0.12929658101439426
0.1295635309689225
0.12942425582017225
0.12926248037775173
0.12923411391646716
0.12947187952888686
