0.2303
0.2303
0.2303
0.2303
0.2303
0.2303
0.2303
0.3021
0.3021
0.3021
0.3021
0.3021
0.3021
0.3021
0.2055
0.2055
0.2055
0.2055
0.2055
0.2055
0.2055
0.2868
0.2868
0.2868
0.2868
0.2868
0.2868
0.2868
0.2485
0.2485
0.2485
0.2485
0.2485
0.2485
0.2485
0.2485
0.2485
0.3903
0.3903
0.3903
0.3903
0.3903
0.3903
0.3903
0.3903
0.1167
0.1167
0.1167
0.1167
0.1167
0.1167
0.1167
0.1167
0.1167
0.1167
0.1167
0.2156
0.2156
0.2156
0.2156
0.2156
0.2156
0.2156
0.2156
0.2156
0.2156
0.1407
0.1407
0.1407
0.1407
0.1407
0.1407
0.1407
0.1407
0.1407
0.1407
0.1407
0.1407
0.1407
0.187
0.187
0.187
0.187
0.187
0.187
0.187
0.187
0.187
0.187
0.187
0.187
0.187
0.187
0.2506
0.2506
0.2506
0.2506
0.2506
0.2506
0.2506
0.2396
0.2396
0.2396
0.2396
0.2396
0.2396
0.2396
0.2396
0.2396
0.2396
0.2396
0.2396
0.2469
0.2469
0.2469
0.2516531486707252
0.25611124196077517
0.25490899716985005
0.25546021192566315
0.24951362274896643
0.24933419999563494
0.25539447983782165
0.25425896235140655
0.25659087311263523
0.2507203435181555
0.2157
0.2157
0.2157
0.2157
0.2157
0.2157
0.2157
0.2157
0.2157
0.2157
0.0465
0.0465
0.0465
0.0465
0.0465
0.0465
0.3883
0.3883
0.3883
0.3883
0.3883
0.3883
0.3883
0.3883
0.3883
0.6922
0.6922
0.6922
0.6922
0.6922
0.6922
0.6922
0.6922
0.558
0.558
0.558
0.558
0.558
0.1496
0.1496
0.1496
0.1496
0.1496
0.1496
0.1496
0.1496
0.1496
0.1496
0.1496
0.1496
0.1201
0.1201
0.1201
0.1201
0.1201
0.1201
0.3429
0.3429
0.3429
0.3429
0.3429
0.3429
0.3429
0.3429
0.3429
0.2516
0.2516
0.2516
0.2516
0.2516
0.2516
0.2397
0.2397
0.2397
0.2397
0.0436
0.0436
0.0436
0.0436
0.0436
0.0436
0.0436
0.0436
0.0436
0.0436
0.0436
0.0436
0.0436
0.0436
0.0436
0.0436
0.0436
0.0436
0.0436
0.0436
0.0436
0.0436
0.1392
0.1797
0.1797
0.1797
0.1797
0.1797
0.1797
0.1797
0.1797
0.1797
0.1797
0.1797
0.1797
0.1797
0.1797
0.1797
0.1797
0.1797
0.1797
0.1797
0.1797
0.1797
0.1797
0.1797
0.1797
0.1797
0.1797
0.1797
0.1797
0.1797
0.1797
0.1797
0.1797
0.1797
0.1797
0.1797
0.1797
0.1797
0.1797
0.1797
0.047
0.047
0.047
0.047
0.047
0.047
0.047
0.047
0.047
0.047
0.047
0.047
0.047
0.047
0.047
0.047
0.047
0.047
0.047
0.047
0.047
0.047
0.047
0.047
0.047
0.047
0.047
0.047
0.047
0.047
0.047
0.047
0.047
0.047
0.047
0.047
0.047
0.047
0.047
0.1392
0.1392
0.1392
0.1392
0.1392
0.1392
0.1392
0.1392
0.1392
0.1392
0.1392
0.1392
0.1392
0.1392
0.1392
0.1392
0.1392
0.1392
0.1392
0.1392
0.1392
0.1392
0.1392
0.1392
0.1392
0.1392
0.1392
0.1392
0.1392
0.1392
0.1392
0.1392
0.1373
0.1373
0.1373
0.1373
0.1373
0.1373
0.1373
0.1373
0.1373
0.1373
0.1373
0.1373
0.1373
0.1373
0.1373
0.1373
0.1373
0.1373
0.1373
0.1373
0.1373
0.1373
0.1373
0.1373
0.1373
0.1373
0.1373
0.1373
0.1373
0.1373
0.1373
0.1373
0.1373
0.1373
0.1373
0.1373
0.1373
0.1373
0.0634
0.0634
0.0634
0.0634
0.0634
0.0634
0.0634
0.0634
0.0634
0.0634
0.0634
0.0634
0.0634
0.0634
0.0634
0.0634
0.0634
0.0634
0.0634
0.0634
0.0634
0.0634
0.0634
0.0634
0.0634
0.0634
0.0634
0.0634
0.0634
0.034
0.0589
0.0449
0.0432
0.0518
0.0472
0.0472
0.0417
0.0452
0.0386
0.1127
0.0481
0.0355
0.0714
0.0486
0.033
0.0858
0.0507
0.0612
0.0543
0.0535
0.0876
0.0876
0.0484
0.0477
0.0407
0.0373
0.0772
0.0423
0.0382
0.1192
0.0596
0.0763
0.0452
0.0667
0.0453
0.0502
0.0416
0.0358
0.044
0.0591
0.0663
0.0496
0.0325
0.055
0.055
0.0681
0.058
0.0516
0.0319
0.0707
0.05
0.7846
0.0652
0.0652
0.0588
0.0688
0.065
0.065
0.0463
0.0427
0.0403
0.0682
0.0467
0.0456
0.0507
0.0523
0.0418
0.0399
0.0399
0.0438
0.0728
0.0728
0.0878
0.0344
0.0469
0.0469
0.0471
0.0466
0.0507
0.0468
0.064
0.0479
0.0297
0.1645
0.0941
0.0503
0.053
0.0348
0.0474
0.0567
0.0474
0.0443
0.0559
0.0579
0.0528
0.0957
0.046
0.0639
0.0305
0.05
0.1118
0.1118
0.0648
0.0365
0.0521
0.0455
0.0455
0.0481
0.0608
0.0565
0.0633
0.0489
0.0411
0.0584
0.0622
0.0622
0.0737
0.0348
0.0373
0.0456
0.0444
0.0386
0.0389
0.0715
0.0547
0.0517
0.0644
0.0363
0.0539
0.1472
0.1472
0.0437
0.0437
0.1028
0.0445
0.0517
0.0443
0.0447
0.0504
0.0601
0.0612
0.043
0.0564
0.0648
0.1028
0.0487
0.054
0.0519
0.0488
0.0483
0.0547
0.0547
0.0445
0.1372
0.0472
0.0789
0.1271
0.0485
0.0473
0.041
0.0302
0.0293
0.1272
0.0603
0.0504
0.0396
0.061
0.0459
0.0623
0.0352
0.036
0.0467
0.0353
0.0757
0.0541
0.0488
0.0442
0.0492
0.05
0.0651
0.0651
0.0513
0.0263
0.0534
0.0429
0.0686
0.0793
0.0553
0.0497
0.0553
0.0508
0.0475
0.1401
0.0485
0.0439
0.0439
0.0439
0.0462
0.0617
0.0543
0.0543
0.0543
0.0543
0.0543
0.0543
0.0543
0.0543
0.0543
0.0543
0.0543
0.0543
0.0543
0.0543
0.0543
0.0543
0.0543
0.0543
0.0543
0.0543
0.0543
0.0543
0.0543
0.0543
0.0543
0.0543
0.0543
0.0543
0.0543
0.0543
0.0543
0.0543
0.0543
0.0543
0.0543
0.0543
0.0543
0.0543
0.0543
0.0543
0.0543
0.0543
0.0543
0.0543
0.0543
0.0543
0.0543
0.0543
0.0543
0.0543
0.0543
0.0543
0.0543
0.0543
0.0543
0.0543
0.0543
0.0543
0.0543
0.0543
0.0543
0.0543
0.0543
0.0543
0.0543
0.0543
0.0543
0.0543
0.0543
0.0543
0.0543
0.0543
0.0543
0.0543
0.0543
0.0543
0.0543
0.0543
0.0543
0.0543
0.0543
0.0543
0.0543
0.0543
0.0543
0.0543
0.0543
0.0543
0.0543
0.0543
0.0543
0.0543
0.0543
0.0543
0.0543
0.0543
0.0543
0.0543
0.0543
0.0543
0.0543
0.0543
0.0543
0.0543
0.0543
0.0543
0.0543
0.0543
0.0543
0.0543
0.0543
0.0543
0.0543
0.0543
0.0543
0.0543
0.0543
0.0543
0.0543
0.0543
0.0543
0.0543
0.0543
0.0543
0.0543
0.0543
0.0543
0.0543
0.0543
0.0543
0.0543
0.0543
0.0543
0.0543
0.0543
0.0543
0.0543
0.0543
0.0543
0.0543
0.0543
0.0543
0.0543
0.0543
0.0543
0.0543
0.0543
0.0543
0.0543
0.0543
0.0543
0.0543
0.0543
0.0543
0.0543
0.0543
0.0543
0.0543
0.0543
0.0543
0.0543
0.0543
0.0543
0.0543
0.0543
0.0543
0.0543
0.0543
0.0543
0.0543
0.0543
0.0543
0.0543
0.0543
0.0543
0.0543
0.0543
0.0543
0.0543
0.0543
0.0543
0.0543
0.0543
0.0543
0.0543
0.0543
0.0543
0.0543
0.0543
0.0543
0.0543
0.0543
0.0543
0.0543
0.0543
0.0543
0.0543
0.0543
0.0543
0.0543
0.0456
0.0432
0.0744
0.0497
0.0702
0.0381
0.0445
0.0685
0.0532
0.0542
0.0525
0.0542
0.0574
0.0574
0.0518
0.0518
0.0506
0.0424
0.0424
0.0424
0.08
0.0583
0.0386
0.0486
0.0639
0.0754
0.0754
0.038
0.0368
0.0497
0.0439
0.0462
0.0763
0.0763
0.0387
0.0387
0.0624
0.0537
0.0448
0.0559
0.0559
0.0559
0.0457
0.0456
0.0456
0.048
0.048
0.0702
0.0444
0.0444
0.0473
0.051
0.0425
0.0437
0.0443
0.0276
0.0481
0.0624
0.0451
0.0366
0.0643
0.1714
0.0551
0.0351
0.0478
0.047
0.0493
0.0483
0.0422
0.0469
0.0469
0.0489
0.0489
0.0363
0.0478
0.0599
0.0349
0.0552
0.0846
0.0397
0.0444
0.0657
0.0902
0.0517
0.0361
0.054
0.0468
0.0466
0.0466
0.0706
0.0499
0.1089
0.1089
0.0453
0.0453
0.0555
0.0461
0.0472
0.0954
0.0345
0.1166
0.0524
0.0438
0.0438
0.0683
0.0592
0.1028
0.0522
0.0656
0.0506
0.058
0.058
0.058
0.0446
0.0443
0.0713
0.0529
0.0585
0.0318
0.0403
0.1016
0.1016
0.0417
0.0662
0.0976
0.0505
0.0629
0.0549
0.0549
0.1009
0.1009
0.0512
0.0655
0.0512
0.0605
0.038
0.038
0.038
0.042
0.0426
0.0605
0.0605
0.0377
0.0457
0.0377
0.0377
0.0759
0.049
0.0484
0.0637
0.0637
0.0748
0.0817
0.0463
0.0432
0.0463
0.0383
0.0804
0.0513
0.0468
0.0584
0.0356
0.0504
0.0528
0.0504
0.073
0.0556
0.0538
0.0342
0.0462
0.0519
0.0519
0.0522
0.0505
0.0505
0.0449
0.0323
0.0727
0.0799
0.0429
0.1262
0.1262
0.1262
0.0429
0.0358
0.0358
0.0556
0.0515
0.0526
0.0526
0.0526
0.0566
0.0396
0.039
0.039
0.0587
0.0616
0.0545
0.0404
0.0404
0.0697
0.0697
0.0697
0.0697
0.0697
0.0697
0.0697
0.0697
0.0697
0.0697
0.0697
0.0697
0.0697
0.0697
0.0697
0.0697
0.0697
0.0697
0.0697
0.0697
0.0697
0.0697
0.0697
0.0697
0.0697
0.0697
0.0697
0.0697
0.0697
0.0697
0.0697
0.0697
0.0697
0.0697
0.0697
0.1542
0.1542
0.1542
0.1542
0.1542
0.1542
0.1542
0.1542
0.1542
0.1542
0.1542
0.1542
0.1542
0.1542
0.1542
0.1542
0.1542
0.1542
0.1542
0.1542
0.1542
0.1542
0.1542
0.1542
0.1542
0.1542
0.1542
0.1542
0.1542
0.1542
0.1542
0.1542
0.1542
0.1542
0.0508
0.0508
0.0508
0.0508
0.0508
0.0508
0.0508
0.0508
0.0508
0.0508
0.0508
0.0508
0.0508
0.0508
0.0508
0.0508
0.0508
0.0508
0.0508
0.0508
0.0508
0.0508
0.0508
0.0508
0.0508
0.0508
0.0508
0.0508
0.0508
0.0508
0.0525
0.0525
0.0525
0.0525
0.0525
0.0525
0.0525
0.0525
0.0525
0.0525
0.0525
0.0525
0.0525
0.0525
0.0525
0.0525
0.0525
0.0525
0.0525
0.0525
0.0525
0.0525
0.0525
0.0525
0.0525
0.0525
0.0525
0.0525
0.0525
0.0525
0.0525
0.0525
0.105
0.105
0.105
0.105
0.105
0.105
0.105
0.105
0.105
0.105
0.105
0.105
0.105
0.105
0.105
0.105
0.105
0.105
0.105
0.105
0.105
0.105
0.105
0.105
0.105
0.105
0.105
0.105
0.0533
0.0533
0.0533
0.0533
0.0533
0.0533
0.0533
0.0533
0.0533
0.0533
0.0533
0.0533
0.0533
0.0533
0.0533
0.0533
0.0533
0.0533
0.0533
0.0533
0.0533
0.0533
0.0533
0.0533
0.0533
0.0533
0.0533
0.0533
0.0533
0.0533
0.0533
0.0533
0.0533
0.0533
0.0533
0.0533
0.0533
0.0533
0.0533
0.0533
0.0533
0.5022
0.5022
0.5022
0.5022
0.5022
0.5022
0.5022
0.5022
0.5022
0.5022
0.5022
0.5022
0.5022
0.5022
0.5022
0.5022
0.5022
0.5022
0.5022
0.5748
0.5748
0.5748
0.5748
0.5748
0.5748
0.5748
0.5748
0.5748
0.5748
0.5748
0.5748
0.5748
0.5748
0.5748
0.5748
0.5748
0.5748
0.5748
0.5748
0.5748
0.5748
0.5748
0.5748
0.5748
0.5748
0.624
0.624
0.624
0.624
0.624
0.624
0.624
0.624
0.624
0.624
0.624
0.624
0.624
0.624
0.624
0.624
0.624
0.624
0.624
0.624
0.624
0.624
0.624
0.624
0.624
0.624
0.5329
0.5329
0.5329
0.5329
0.5329
0.5329
0.5329
0.5329
0.5329
0.5329
0.5329
0.5329
0.5329
0.5329
0.5329
0.5329
0.5329
0.5329
0.5329
0.5329
0.5329
0.5329
0.5329
0.561
0.561
0.561
0.561
0.561
0.561
0.561
0.561
0.561
0.561
0.561
0.561
0.561
0.561
0.561
0.561
0.561
0.561
0.561
0.561
0.561
0.561
0.561
0.561
0.561
0.6356
0.6356
0.6356
0.6356
0.6356
0.6356
0.6356
0.6356
0.6356
0.6356
0.6356
0.6356
0.6356
0.6356
0.6356
0.6356
0.6356
0.6356
0.6356
0.6356
0.6356
0.6356
0.6226
0.6226
0.6226
0.6226
0.6226
0.6226
0.6226
0.6226
0.6226
0.6226
0.6226
0.6226
0.6226
0.6226
0.6226
0.6226
0.6226
0.6226
0.6226
0.6226
0.6226
0.4828
0.4828
0.4828
0.4828
0.4828
0.4828
0.4828
0.4828
0.4828
0.4828
0.4828
0.4828
0.4828
0.4828
0.4828
0.4828
0.4828
0.4828
0.4828
0.4828
0.4828
0.6908
0.6908
0.6908
0.6908
0.6908
0.6908
0.6908
0.6908
0.6908
0.6908
0.6908
0.6908
0.6908
0.6908
0.6908
0.6908
0.6908
0.174
0.174
0.174
0.174
0.174
0.174
0.174
0.174
0.174
0.174
0.174
0.174
0.174
0.174
0.174
0.174
0.174
0.1446
0.1446
0.1446
0.1446
0.0945
0.0945
0.0945
0.0945
0.0945
0.0945
0.0945
0.0945
0.0945
0.0945
0.0945
0.0945
0.0945
0.2114
0.2114
0.2114
0.2114
0.2114
0.2114
0.2114
0.2114
0.2114
0.2114
0.2114
0.0462
0.0462
0.0462
0.0462
0.0462
0.0462
0.0462
0.0462
0.0462
0.0462
0.0462
0.0462
0.1996
0.1996
0.1996
0.1996
0.1996
0.1169
0.1169
0.1169
0.1169
0.1169
0.1169
0.1169
0.1169
0.1169
0.1169
0.116
0.116
0.116
0.116
0.116
0.1841
0.1841
0.1841
0.1841
0.1841
0.1841
0.1841
0.1841
0.1841
0.1841
0.0979
0.0979
0.0979
0.0979
0.0979
0.0979
0.0979
0.0979
0.0979
0.0979
0.1244
0.1244
0.1244
0.1244
0.1244
0.1244
0.1244
0.1244
0.1244
0.1244
0.1244
0.1244
0.1244
0.1062
0.1062
0.1062
0.1062
0.1062
0.1062
0.1062
0.1062
0.1062
0.1062
0.1062
0.1062
0.1062
0.2708
0.2708
0.2708
0.2708
0.2708
0.2708
0.2708
0.2708
0.2708
0.2708
0.2708
0.2708
0.2708
0.2708
0.2708
0.1455
0.1455
0.1455
0.1455
0.1455
0.1455
0.1455
0.1455
0.1455
0.1455
0.1455
0.1455
0.23
0.23
0.23
0.23
0.23
0.23
0.2442
0.2442
0.2442
0.2442
0.2442
0.2442
0.2442
0.2442
0.1344
0.1344
0.1344
0.1344
0.1344
0.1344
0.1344
0.1344
0.1344
0.1344
0.1344
0.1344
0.1344
0.1088
0.1088
0.1088
0.1088
0.1088
0.1088
0.1088
0.0993
0.0993
0.0993
0.0993
0.0993
0.0993
0.0993
0.1666
0.1666
0.1666
0.1666
0.1666
0.1666
0.1666
0.1666
0.1666
0.1979
0.1979
0.1979
0.1979
0.1979
0.1979
0.1979
0.1979
0.1979
0.1119
0.1119
0.1119
0.1119
0.1119
0.1119
0.1119
0.1036
0.1036
0.1036
0.1036
0.1036
0.1036
0.1668
0.1668
0.1668
0.1668
0.1668
0.1668
0.1725
0.1725
0.1725
0.1725
0.1725
0.1725
0.1725
0.1725
0.1725
0.1725
0.1725
0.1725
0.1725
0.1888
0.1888
0.1888
0.1888
0.1888
0.1888
0.1888
0.1888
0.1888
0.1888
0.1924
0.1924
0.1924
0.1924
0.1924
0.1326
0.1326
0.1326
0.1326
0.2749
0.2749
0.2749
0.2749
0.2749
0.2749
0.2749
0.1552
0.1552
0.1552
0.1552
0.1552
0.1552
0.1552
0.1344
0.1344
0.1344
0.1344
0.1344
0.1242
0.1242
0.1242
0.1242
0.1242
0.1242
0.1242
0.1242
0.1242
0.1021
0.1021
0.1021
0.1021
0.1021
0.1021
0.1021
0.1021
0.1021
0.1021
0.1021
0.2038
0.2038
0.2038
0.2038
0.2038
0.2038
0.1793
0.1793
0.1793
0.1793
0.1793
0.1793
0.1793
0.1793
0.1793
0.1793
0.1793
0.1604
0.1604
0.1604
0.1604
0.1604
0.1604
0.1604
0.1604
0.1604
0.1604
0.1848
0.1848
0.1848
0.1848
0.1848
0.1848
0.1848
0.1848
0.1848
0.1848
0.1848
0.1848
0.1848
0.1848
0.1336
0.1336
0.1336
0.1336
0.1336
0.1336
0.1336
0.1555
0.1555
0.1555
0.1555
0.1555
0.1555
0.1555
0.1555
0.1555
0.1082
0.1082
0.1082
0.1082
0.1082
0.1082
0.1082
0.1082
0.1082
0.2209
0.2209
0.2209
0.2209
0.2209
0.2209
0.2209
0.2209
0.2209
0.2209
0.2209
0.1735
0.1735
0.1735
0.1735
0.1735
0.1735
0.1735
0.1735
0.1416
0.1416
0.1416
0.1416
0.1416
0.2558
0.2558
0.2558
0.2558
0.2558
0.2558
0.2558
0.2558
0.2558
0.2558
0.2558
0.098
0.098
0.098
0.098
0.098
0.1221
0.1221
0.0989
0.0989
0.0989
0.0927
0.0927
0.0927
0.11
0.1558
0.1558
0.1552
0.1552
0.0937
0.0937
0.1514
0.2017
0.2017
0.2017
0.2017
0.1653
0.1653
0.1448
0.1418
0.1418
0.1418
0.1448
0.1618
0.1618
0.1618
0.1618
0.1624
0.1624
0.1624
0.1624
0.1041
0.1041
0.1946
0.1946
0.1946
0.1349
0.209
0.209
0.209
0.209
0.209
0.1004
0.1004
0.1191
0.1191
0.1611
0.1081
0.1081
0.1081
0.1081
0.1081
0.1921
0.1921
0.1921
0.1921
0.1592
0.1592
0.1345
0.1345
0.1345
0.19
0.173
0.0853
0.0853
0.0853
0.19
0.19
0.19
0.1882
0.1882
0.1882
0.1882
0.0686
0.0686
0.0686
0.1283
0.1283
0.1473
0.1473
0.0827
0.0827
0.1195
0.136
0.1095
0.1286
0.1286
0.1286
0.1807
0.1256
0.1256
0.1256
0.1096
0.1117
0.1117
0.1256
0.1256
0.1256
0.1256
0.1256
0.1256
0.1273
0.1273
0.1755
0.1755
0.1253
0.1253
0.1372
0.1372
0.1372
0.2448
0.2448
0.1483
0.1483
0.1334
0.1744
0.1744
0.1744
0.1744
0.1055
0.1475
0.1241
0.1577
0.1577
0.091
0.091
0.1448
0.1448
0.1448
0.1814
0.1814
0.1506
0.1506
0.1506
0.1506
0.0876
0.0876
0.0876
0.0996
0.0996
0.0996
0.1191
0.1191
0.1191
0.2587
0.1299
0.2587
0.2587
0.15004779845148578
0.1197
0.1197
0.156
0.156
0.1176
0.1924
0.1924
0.455
0.455
0.455
0.455
0.455
0.1122
0.1122
0.1122
0.1625
0.1241
0.1455
0.1241
0.1588
0.1394
0.1824
0.1824
0.1824
0.1824
0.1588
0.1588
0.1058
0.1058
0.1058
0.183
0.183
0.1078
0.1078
0.1246
0.1246
0.1246
0.1542
0.1232
0.1232
0.1232
0.1277
0.2554
0.2554
0.2554
0.2554
0.2554
0.2554
0.2554
0.2554
0.2554
0.2554
0.2554
0.2554
0.2554
0.2554
0.2554
0.2554
0.2554
0.2554
0.2554
0.2554
0.2554
0.2554
0.2554
0.2554
0.2554
0.2554
0.2554
0.2554
0.2554
0.2554
0.2554
0.2554
0.2554
0.2554
0.2554
0.2554
0.2554
0.2554
0.2554
0.2554
0.2554
0.2554
0.2554
0.2554
0.2554
0.2554
0.2554
0.2554
0.2554
0.2554
0.2554
0.2554
0.2554
0.2554
0.2554
0.2554
0.2554
0.2554
0.2554
0.2554
0.2554
0.2554
0.2554
0.2554
0.2554
0.2554
0.2554
0.2554
0.2554
0.2554
0.2554
0.2554
0.2554
0.2554
0.2554
0.2554
0.2554
0.2554
0.2554
0.2554
0.2554
0.2554
0.2554
0.2554
0.2554
0.2554
0.2554
0.2554
0.2554
0.2554
0.2554
0.2554
0.2554
0.2554
0.2554
0.2554
0.2554
0.2554
0.2554
0.2554
0.2554
0.2554
0.2554
0.2554
0.2554
0.2554
0.2554
0.2554
0.2554
0.2554
0.2554
0.2554
0.2554
0.2554
0.2554
0.2554
0.2554
0.2554
0.2554
0.2554
0.2554
0.2554
0.2554
0.2554
0.2554
0.2554
0.2554
0.2554
0.2554
0.2554
0.2554
0.2554
0.2554
0.2554
0.2554
0.2554
0.2554
0.2554
0.2554
0.2554
0.2554
0.2554
0.2554
0.2554
0.2554
0.2554
0.2554
0.2554
0.2554
0.2554
0.2554
0.2554
0.2554
0.2554
0.2554
0.2554
0.2554
0.2554
0.2554
0.2554
0.2554
0.2554
0.2554
0.2554
0.2554
0.2554
0.2554
0.2554
0.2554
0.2554
0.2554
0.2554
0.2554
0.2554
0.2554
0.2554
0.2554
0.2554
0.2554
0.2554
0.2554
0.2554
0.2554
0.2554
0.2554
0.2554
0.2554
0.2554
0.2554
0.2554
0.2554
0.2554
0.2554
0.2554
0.2554
0.2554
0.2554
0.2554
0.2554
0.2554
0.0451
0.0451
0.0437
0.0437
0.0324
0.0396
0.0396
0.0396
0.0491
0.0491
0.0288
0.0463
0.035
0.0461
0.0911
0.0659
0.0659
0.0261
0.0447
0.1116
0.0771
0.0771
0.0457
0.0687
0.0529
0.0456
0.0456
0.0444
0.0444
0.0515
0.0409
0.0409
0.0409
0.0409
0.0337
0.0337
0.0337
0.0337
0.0353
0.0419
0.0569
0.0569
0.0612
0.0612
0.0451
0.0451
0.0451
0.0803
0.0803
0.0803
0.0803
0.0522
0.037
0.0354
0.0354
0.0354
0.0545
0.0545
0.0515
0.0515
0.0934
0.0934
0.0484
0.0484
0.0645
0.0428
0.0428
0.076
0.0647
0.0647
0.0647
0.0633
0.0477
0.0358
0.0358
0.0358
0.0579
0.0579
0.0394
0.0394
0.0393
0.0373
0.0564
0.0445
0.0445
0.0466
0.0588
0.0588
0.0396
0.0396
0.0396
0.0274
0.052
0.052
0.0717
0.0717
0.0538
0.0538
0.0558
0.0558
0.0703
0.0703
0.0703
0.0541
0.0541
0.0371
0.0371
0.0371
0.0529
0.0529
0.0529
0.0529
0.0472
0.0472
0.0797
0.0797
0.0646
0.0646
0.0646
0.0443
0.0443
0.045
0.045
0.045
0.045
0.0473
0.0473
0.0473
0.0446
0.0524
0.0668
0.0668
0.0422
0.0422
0.0402
0.0402
0.0798
0.0508
0.0508
0.0383
0.0383
0.0599
0.0599
0.062
0.0426
0.0283
0.0283
0.0426
0.0426
0.0443
0.0857
0.0857
0.073
0.073
0.073
0.0492
0.047
0.0378
0.045
0.045
0.0767
0.0835
0.0835
0.0469
0.0469
0.0317
0.0521
0.0521
0.0392
0.0392
0.0392
0.0392
0.05
0.053
0.053
0.053
0.0356
0.0356
0.0411
0.0483
0.0483
0.0483
0.0483
0.0483
0.0463
0.0339
0.0442
0.0442
0.0388
0.0388
0.0542
0.0324
0.035
0.035
0.0542
0.0395
0.0523
0.0374
0.0374
0.0374
0.2188
0.2188
0.2188
0.2188
0.2188
0.2188
0.2188
0.2188
0.2188
0.2188
0.2188
0.2188
0.2188
0.2188
0.2188
0.2188
0.2188
0.2188
0.2188
0.2188
0.2188
0.2188
0.2188
0.2188
0.2188
0.2188
0.2188
0.2188
0.2188
0.2188
0.2188
0.2188
0.2188
0.2188
0.2188
0.2188
0.2188
0.2188
0.2188
0.2188
0.2188
0.2188
0.2188
0.2188
0.2188
0.2188
0.2188
0.2188
0.2188
0.2188
0.2188
0.2188
0.2188
0.2188
0.2188
0.2188
0.2188
0.2188
0.2188
0.2188
0.2188
0.2188
0.2188
0.2188
0.2287
0.2287
0.2287
0.2287
0.2287
0.2287
0.2287
0.2287
0.2287
0.2287
0.2287
0.2287
0.2287
0.2287
0.2287
0.2287
0.2287
0.2287
0.2287
0.2287
0.2287
0.2287
0.2287
0.2287
0.2287
0.2287
0.2287
0.2287
0.2287
0.2287
0.2287
0.2287
0.2287
0.2287
0.2287
0.2287
0.2287
0.2287
0.2287
0.2287
0.2287
0.2287
0.2287
0.2287
0.2287
0.2287
0.2287
0.2287
0.2287
0.2287
0.2287
0.2287
0.2287
0.2287
0.2287
0.2287
0.2287
0.2287
0.2287
0.2287
0.2287
0.2287
0.2287
0.2287
0.2287
0.2287
0.2287
0.2287
0.2287
0.2287
0.2287
0.2287
0.2287
0.2672
0.2672
0.2672
0.2672
0.2672
0.2672
0.2672
0.2672
0.2672
0.2672
0.2672
0.2672
0.2672
0.2672
0.2672
0.2672
0.2672
0.2672
0.2672
0.2672
0.2672
0.2672
0.2672
0.2672
0.2672
0.2672
0.2672
0.2672
0.2672
0.2672
0.2672
0.2672
0.2672
0.2672
0.2672
0.2672
0.2672
0.2672
0.2672
0.2672
0.2672
0.2672
0.2672
0.2672
0.2672
0.2672
0.2672
0.2672
0.2672
0.2672
0.2672
0.2672
0.2672
0.2672
0.2672
0.2672
0.2672
0.2672
0.2672
0.2672
0.2672
0.2672
0.2672
0.2377
0.2377
0.2377
0.2377
0.2377
0.2377
0.2377
0.2377
0.2377
0.2377
0.2377
0.2377
0.2377
0.2377
0.2377
0.2377
0.2377
0.2377
0.2377
0.3127
0.3127
0.3127
0.3127
0.3127
0.3127
0.3127
0.3127
0.3127
0.3127
0.3127
0.3127
0.3127
0.3127
0.3127
0.3127
0.3127
0.3127
0.3127
0.3127
0.3127
0.3127
0.3127
0.3127
0.3127
0.3946
0.3946
0.3946
0.3946
0.3946
0.3946
0.3946
0.3946
0.3946
0.3946
0.3946
0.3946
0.3946
0.3946
0.3946
0.3946
0.3946
0.3946
0.3946
0.3946
0.3946
0.3946
0.3946
0.3946
0.3946
0.3946
0.3946
0.3946
0.3946
0.3946
0.3946
0.3946
0.3946
0.3946
0.3946
0.3513
0.3513
0.3513
0.3513
0.3513
0.3513
0.3513
0.3513
0.3513
0.3513
0.3513
0.3513
0.3513
0.3513
0.3513
0.3513
0.3513
0.2806
0.2806
0.2806
0.2806
0.2806
0.2806
0.2806
0.2806
0.2806
0.2806
0.2806
0.2806
0.2806
0.2806
0.2806
0.2806
0.2806
0.2806
0.2806
0.2806
0.2806
0.2806
0.2806
0.2806
0.2806
0.3353
0.3353
0.3353
0.3353
0.3353
0.3353
0.3353
0.3353
0.3353
0.3353
0.3353
0.3353
0.3353
0.3353
0.3353
0.3353
0.3353
0.3353
0.3353
0.3353
0.3353
0.3353
0.3353
0.3353
0.3353
0.3353
0.3186
0.3186
0.3186
0.3186
0.3186
0.3186
0.3186
0.3186
0.3186
0.3186
0.3186
0.3186
0.3186
0.3186
0.3186
0.3186
0.3186
0.3186
0.3186
0.3186
0.3186
0.3186
0.3186
0.3186
0.3186
0.3186
0.2908
0.2908
0.2908
0.2908
0.2908
0.2908
0.2908
0.2908
0.2908
0.2908
0.2908
0.2908
0.2908
0.2908
0.2908
0.2908
0.2908
0.2908
0.2908
0.2908
0.2908
0.2908
0.2908
0.2908
0.2908
0.2908
0.2908
0.1794
0.0533
0.2536
0.2842
0.2515
0.2478
0.1758
0.1872
0.3287
0.2475
0.2485
0.2274
0.1818
0.2036
0.1739
0.1844
0.2282
0.2897
0.2735
0.2844
0.2897
0.2242
0.2766
0.2293
0.2115
0.1579
0.2713
0.1557
0.1837
0.446
0.179
0.2492
0.2982
0.4608
0.2206
0.2784
0.3454
0.2733
0.2499
0.2004
0.2986
0.2331
0.2887
0.2575
0.2504
0.2705
0.1916
0.2701
0.23595602096160165
0.5513
0.2872
0.2932
0.2466
0.0852
0.3016
0.2566
0.3314
0.1937
0.1356
0.2845
0.2019
0.2368331998146097
0.2304
0.1609
0.257
0.2181
0.2133
0.2307
0.7496
0.2272
0.2322
0.1094
0.2404
0.047
0.2912
0.1403
0.23917955309908287
0.2228
0.2984
0.2358
0.1761
0.204
0.2352
0.0608
0.2589
0.2463
0.2236
0.3096
0.2836
0.1647
0.2915
0.4114
0.2368139731566417
0.1673
0.2359964176492123
0.2114
0.1337
0.2056
0.1769
0.2952
0.2384
0.2797
0.5354
0.1962
0.225
0.2393
0.2201
0.2217
0.1467
0.1858
0.3214
0.2583
0.2005
0.4504
0.3937
0.1619
0.2937
0.152
0.2681
0.2197
0.4101
0.2891
0.2714
0.2813
0.1922
0.2334
0.2644
0.259
0.2362747187255906
0.2197
0.2400074460315884
0.1341
0.2218
0.23479630318418532
0.4179
0.2223
0.2645
0.2357
0.3204
0.2799
0.2873
0.1882
0.24010382651286682
0.2619
0.3074
0.1133
0.3557
0.1774
0.1829
0.1003
0.2345
0.2634
0.2771
0.2332
0.24382186738786427
0.2459
0.2015
0.2221
0.2459
0.1527
0.1811
0.2097
0.2542
0.1468
0.2615
0.2478
0.2723
0.2005
0.2064
0.1434
0.2452
0.2431
0.1675
0.218
0.2689
0.2076
0.2517
0.2888
0.2238
0.2053
0.107
0.1779
0.2647
0.2334
0.1762
0.2212
0.2136
0.1133
0.1564
0.2169
0.24441850801453974
0.2063
0.234
0.3134
0.2373
0.1759
0.3265
0.24263673179833176
0.1467
0.2368823174321807
0.2276
0.2276
0.2276
0.2276
0.2276
0.318
0.318
0.318
0.2384
0.2384
0.2384
0.2384
0.2529
0.2529
0.2529
0.2529
0.3051
0.3051
0.3051
0.3051
0.3051
0.3051
0.3051
0.3636
0.3636
0.3636
0.3636
0.3636
0.3047
0.3047
0.3047
0.3106121633907104
0.3087161445225361
0.3131933562852127
0.31229199607644725
0.3138929284321075
0.334
0.334
0.334
0.334
0.334
0.334
0.334
0.2221
0.2221
0.2221
0.3663
0.3663
0.3663
0.3663
0.3663
0.3117856919747792
0.31101787649778206
0.3119532981636311
0.31550110201423304
0.3130057308592575
0.3105904261309799
0.3150719345278028
0.30947448038757003
0.30695932228700284
0.306925321824953
0.2342
0.2342
0.2342
0.2342
0.491
0.491
0.491
0.3692
0.3692
0.3692
0.3692
0.3692
0.3692
0.3692
0.3692
0.3692
0.3692
0.3692
0.3692
0.3164
0.3164
0.3164
0.2692
0.2692
0.2692
0.2692
0.2692
0.2692
0.2692
0.352
0.352
0.352
0.1797
0.1797
0.1797
0.1797
0.3161374567877963
0.3092577592240525
0.307987845333467
0.31387915727283305
0.3461
0.3461
0.3461
0.3675
0.3675
0.3675
0.3675
0.3548
0.3548
0.1453
0.1453
0.1453
0.1453
0.1453
0.4019
0.4019
0.4019
0.4019
0.3231
0.3231
0.3231
0.3231
0.3231
0.3231
0.3231
0.3106429705439386
0.30875626354812513
0.3107478791386672
0.3164
0.3164
0.3164
0.3164
0.3164
0.3164
0.3164
0.3164
0.38
0.2581
0.2581
0.2581
0.3331
0.3331
0.3331
0.3331
0.3331
0.3331
0.3331
0.32
0.32
0.32
0.32
0.32
0.32
0.32
0.3674
0.3674
0.3674
0.3102526995490828
0.3136549335038528
0.3069961049553482
0.3114496743696399
0.3120563307669373
0.31348309573360766
0.3157419659512804
0.3162805611671619
0.3196
0.3196
0.3196
0.3196
0.2789
0.2789
0.2789
0.2789
0.31279521138198274
0.31572235060587334
0.31380861837949786
0.3155909609582191
0.38
0.38
0.38
0.2282
0.2282
0.2282
0.2282
0.4855
0.4855
0.4855
0.3177
0.3177
0.3177
0.3177
0.3177
0.2676
0.2676
0.2676
0.2676
0.2676
0.2676
0.2676
0.0010129859031458455
0.0021439356993502323
0.0027515815224974103
0.004792349336699934
0.0026911120865482797
0.0010167787360720326
0.002891452322354409
0.0007455054298092945
0.0006325771068184625
0.0021387073001960678
0.0023115285738176073
0.0042313438781005136
0.0023573224773761293
0.003566629636052831
0.0034747670773760055
7.563199624642438e-05
0.0016844509945744411
0.0048956279957305
0.0032309526884110136
0.003462264376849644
0.004945703418064976
0.0046351712061173415
0.0025821927844963807
0.0007467391655443575
0.0020199297688463648
0.00022127177313726026
0.0014447500431299335
0.002854974733849376
0.0030869506251655398
0.0028737882229762255
0.001397140716042492
0.001375485888682769
0.0004554418786337092
0.002272868759555984
0.003712521808355191
0.0013357906524278842
0.002858583679894201
0.002612807906014484
0.0005523885850057609
0.004458841945536965
0.0016302475080307265
0.0011031189727969595
0.0014438229371111088
0.0036584368607634255
0.002231365756399021
0.0011991931800690355
0.0009320887695756673
0.001343679508204285
0.002189096568154879
0.0012326244979125288
0.0007998699752779399
0.00027697721387204624
0.0043625792506873885
0.0010388131796832045
0.0006180133465488961
0.0016540287050633463
0.0025608359771089727
0.0029707994793434075
0.001919501858825814
0.0020899049970324705
8.070745654046012e-05
0.004210650436452356
0.004211994178591202
0.004661150633553044
0.0008691981191390197
0.002454966014643461
0.0010039889274532365
0.002021147761920655
0.003146494413074263
0.0026373746009175003
0.0028860472938657166
0.0002942408728225654
0.0006766438425624584
0.0008594147234496727
0.004804461725107084
0.00465682395139611
0.00015197840765094565
0.004775680274901853
0.003506844859809015
0.004884015925149697
0.004915726738832261
0.00447208929133634
0.001968166755576174
0.00275956948978983
0.0001411465008179999
0.001361722850739665
0.002354971807995426
0.0011198343054567585
0.004034904552862117
0.004064482074702885
0.0011867364444867181
0.004663451607670016
0.0049910871914402724
0.003914184592942099
0.002292119813552299
0.0019805054495757547
0.0007102378626985253
0.0039059615163927223
0.00241270910047091
0.00010307074160619597
0.003997936897593944
0.0004251941461071171
0.0040356608559966945
0.00159394100149107
0.0036516254114091406
0.0027158691215720806
0.003347820061011462
0.0007456850139159555
0.0011323039237578483
0.0009536514567949307
0.004672050358590806
0.0012608553212313956
0.00300284681521088
0.003753328028613774
0.00175538374237864
0.00020199787941034206
0.0025076450898057325
0.0008649924619376628
0.004661099671960308
0.002172862206616928
0.0025360976841152117
0.0014340394513347433
0.002156817973274291
0.004060451838904374
9.105047124531845e-05
0.004182006388410373
0.0028010867940336318
5.3269824824825514e-05
0.0008290222971022677
0.0027151047676344142
0.001924587753685896
0.003034293181248535
0.003643967432360353
0.00048196657634161453
0.0014032142972037745
0.00295385959058122
0.004735076220620444
0.0014944007597919098
0.0025525375058966394
0.003681501433762221
0.0025330700447983435
0.0012060076836526525
0.0030189576851948176
0.0025825118238263327
0.0037876382090100387
0.003920201850385711
0.0035971832201583042
0.0018231706424090654
0.0006345749637606014
0.00189811583752704
0.0015086510879057762
0.003386344128998444
0.0003168291272712667
0.0004476157020707073
0.003227939080587972
0.0033318718369984993
0.002054025492584005
0.0010315726646773363
0.00022699808955614978
0.0009289412347849484
0.001746682784057517
0.0017176362171322456
0.00030299111655016954
0.00028377042541975414
0.0008749451429990755
0.001525046357949835
0.004872605402626849
0.002957359697499984
0.0009440867198844257
8.37497490085012e-05
0.0001809924711241532
0.0005513277483812614
0.0001283132195350591
0.0017183108778219915
0.003642103409898379
0.0028926228523397978
0.000724797997380692
0.0007130714056551588
0.002123345393914897
0.0027172314029205802
0.00023486407539041222
0.0031712365008715014
0.002979134050846317
0.003913622342577254
0.002049635357722147
0.002366819426124333
0.0009967907717688658
0.0007588474805992861
0.0023639346741474335
0.00491773777768256
0.004040097581450312
0.0025424987647326125
0.0048575452917909035
0.0006357983823124594
0.0006004326272494162
0.0019677859508111673
0.002149443304346248
0.001681052620299264
0.0008876806617419252
0.001872279120129756
0.0673
0.0673
0.0673
0.0673
0.0673
0.0673
0.0673
0.0673
0.0673
0.0673
0.0673
0.0673
0.0673
0.0673
0.0673
0.0673
0.0673
0.0673
0.0673
0.0673
0.0673
0.0673
0.0673
0.0673
0.0547
0.0547
0.0547
0.0547
0.0547
0.0547
0.0547
0.0547
0.0547
0.0547
0.0547
0.0547
0.0547
0.0547
0.0547
0.0547
0.0547
0.0547
0.0547
0.0547
0.0547
0.0501
0.0501
0.0501
0.0501
0.0501
0.0501
0.0501
0.0501
0.0501
0.0501
0.0501
0.0501
0.0501
0.0501
0.0501
0.0501
0.0501
0.0501
0.0501
0.0501
0.0501
0.0501
0.0501
0.0836
0.0836
0.0836
0.0836
0.0836
0.0836
0.0836
0.0836
0.0836
0.0836
0.0836
0.0836
0.0836
0.0836
0.0836
0.0836
0.0836
0.0836
0.0836
0.0836
0.0442
0.0442
0.0442
0.0442
0.0442
0.0442
0.0442
0.0442
0.0442
0.0442
0.0442
0.0442
0.0442
0.0442
0.0442
0.0442
0.0442
0.0442
0.0442
0.0442
0.1108
0.1108
0.1108
0.1108
0.1108
0.1108
0.1108
0.1108
0.1108
0.1108
0.1108
0.1108
0.1108
0.1108
0.1108
0.1108
0.1108
0.1108
0.1108
0.1108
0.0465
0.0465
0.0465
0.0465
0.0465
0.0465
0.0465
0.0465
0.0465
0.0465
0.0465
0.0465
0.0465
0.0465
0.0465
0.0465
0.0465
0.0465
0.0465
0.0465
0.0465
0.0465
0.091
0.091
0.091
0.091
0.091
0.091
0.091
0.091
0.091
0.091
0.091
0.091
0.091
0.091
0.091
0.091
0.091
0.091
0.091
0.091
0.091
0.091
0.091
0.091
0.091
0.091
0.091
0.1299
0.1299
0.1299
0.1299
0.1299
0.1299
0.1299
0.1299
0.1299
0.1299
0.1299
0.1299
0.1299
0.1299
0.1299
0.1299
0.1299
0.1299
0.1299
0.1299
0.1299
0.1299
0.1299
