5.228
4.48719145753123
5.929163916609582
5.757340669493613
4.739141604974256
5.220123281919944
5.724056722316163
3.495
4.484931795851899
3.483588671927726
3.675199951301932
2.9710536400010654
4.08267775412005
2.8066594304120165
7.033
6.265136707752473
7.545188362012739
6.336771923715731
7.008099347017259
6.893656697945866
7.127034115061104
49.976
50.50412879359116
50.28968778659234
49.93633896562278
49.09848062526828
50.96110137705453
49.054385523979796
10.712
10.186020306766085
10.869280690498158
10.120898339752197
10.000710465642149
10.277563045691382
10.641656215990956
9.932029723887236
11.415491363005637
4.851
4.8563748623144924
5.787500325472092
4.789978240343655
5.427655117933016
4.516417908823944
4.649801132176685
4.394889302619198
8.831
8.885405015661183
7.965476663357767
9.652410343252672
9.43437675152749
7.983957250570742
9.508150429925882
8.965523662906229
7.8618287061537755
8.452694215959667
7.874204106740085
35.215
34.7026316458804
34.67309873622567
34.28024151422101
34.4606604135181
36.0247554202241
35.67945187430146
34.99822417702653
35.63677580882595
34.79410033404468
7.335
6.426031834270582
6.49128611566404
7.501515338417404
6.356288200691588
7.150758982856213
7.796750009844389
7.991079530339126
6.339851649340375
7.7093835790240846
6.629659644214577
7.1291517457187865
6.504960341391571
165.04
164.4397902763315
164.45429919814202
165.67558406587082
165.2578122364458
164.75885450707256
164.2660031769689
164.6450146105314
165.13218658441082
164.2535329652219
164.8715853218776
165.91615874868032
164.9122655161681
165.57873020511607
7.835
8.690891498433247
7.2921199993005965
8.540735772494589
8.070829919741993
7.940902125730823
8.505091788667997
10.323
9.33673185573023
9.354916462673895
9.362753446478582
9.964925405094851
10.84494541342684
9.418511840246039
9.735163870257825
10.588113400624318
10.370231130659182
9.34896307410986
10.385787946739164
6.127
5.585722640469721
6.28693450362625
24.573481975084775
24.88756126038803
27.542282801871167
23.922832232028153
26.15483599754376
27.361558337255506
26.53873497958286
27.245230464572206
23.789108330742213
25.937533500061207
49.733
48.812986701203066
49.15404943813595
49.97634201179458
48.898180683907384
48.73404127794122
49.37896479384077
49.69225915588635
48.87921711767619
48.8743961429852
15.907
16.4399787330696
15.480402268861912
16.00825215630409
15.558162477589924
15.61101068675155
3.863
3.44765910042286
4.570052969097352
4.348580217176712
3.6998725789528253
3.1685422754223325
4.817532673530633
3.1145077758984563
3.2376181608327497
3.322
3.141621353488956
2.8942448402890566
3.732253788291273
3.5133175161556203
3.852520458582771
2.899716772264977
3.472889532728143
3.453
3.045628733367996
3.360098860390324
2.8972113150475804
3.547544565787362
7.98
8.127758502888758
8.977763139153371
8.323055837771912
8.937362987198124
7.027132071090605
8.002753071571203
8.33845258427625
7.438358396169921
7.6656248731220265
7.449773305597919
7.2423515151673366
2.279
3.0801944278880233
2.589571758796292
2.9705068056124624
1.7833326513107437
2.79856503385859
7.62
7.46277230461506
6.843272586993731
7.288660307876086
7.664782370085771
8.08154453297422
7.415204224703105
6.731095257366151
7.168747209963277
38.83
37.92230775444462
38.49299403466046
38.17959036955308
38.512763200668715
39.17115992358885
33.394
32.42711329903829
32.50334718865572
33.53683837684747
22.477
22.23497433537429
21.54030210126458
23.33085169190561
22.81696993235804
22.759354951496828
22.279605679498278
22.745365519092978
21.58722558712074
22.080550945134725
22.292351911092723
22.010721442455637
23.277803101125812
23.04773956872521
21.760247540007118
21.686774686950628
23.14519805415084
21.9476035986104
22.04332925963436
21.493218080648937
22.590071724061165
22.47907932945624
512.588
10.477
11.131942363064324
11.164756112864435
9.985460295201912
9.816234663533248
10.722801429524248
10.858078965445877
9.659861356415197
10.170257781469463
9.609533259942838
11.417829817105652
10.104400222540209
11.184456615488532
10.976652379718459
11.359329112643165
10.615807050790071
10.074622713455236
10.535843903467171
10.212068817906612
11.27401973776719
10.78889856669832
10.475342501443894
10.806267932858152
11.118174247011773
9.573821285186066
11.21307773352066
10.639107579227261
11.274339373656533
10.237325519387067
10.165868098105364
9.652814024887023
11.393106651172856
11.043832479872421
11.25759321819991
10.685516221570678
9.894587830675253
11.199973338151139
10.403099199143288
10.358981531787848
53.0
52.378762250323376
52.58914456836921
52.9422136985651
53.70984675682985
52.570994472649886
52.17321557283012
52.26362829158799
52.69357655693598
53.217487543555585
52.51183342688057
52.58700506277516
53.75791870544189
53.49064951745995
53.70760322634428
53.73504791643024
53.77847154793137
53.74343813114251
52.82862318359154
53.62084192078227
52.24261760895767
53.54485113765832
52.022771073014255
52.638141851472156
52.30005764805421
52.60130800739515
53.68575899263442
52.039984601054115
53.08259271086294
53.68572024369542
52.2176269737355
53.86972159578792
52.22654718233327
52.67022797405534
52.12927449418373
52.03107413329399
52.417465423694765
52.76897843887663
52.805054169623375
512.588
511.89566059561895
512.3253849666497
511.9199163466356
512.069421438754
512.1056284716952
512.3500939005503
512.6340301381375
512.5936658291693
512.9169364008809
513.3674977682299
513.27138421749
512.1307351631709
512.9397160030707
512.5245405239427
512.9802975025679
513.3415674050592
511.83823146590595
513.4207629110912
513.5384557311643
512.0729146075611
512.4246826972661
512.0415668576612
512.301440189341
513.2642070455212
512.1414910955216
512.9725351247318
512.923607774043
513.5706934130427
512.5416619440371
512.9700131583049
512.971719506309
46.0
45.327355053420554
46.727041507870595
45.42643512132262
45.199985031142795
46.676867572003474
45.588944331651554
46.10044105011182
46.934423585838516
45.904322576418956
46.02187085783378
46.84626729371621
45.06696269325586
46.73451671257006
45.77430519647322
45.78921210603846
45.977433132920645
46.51678067535693
46.05043025103379
45.050119093469064
46.51540046043836
46.02219635601264
45.69705177164032
46.48421625007271
46.44285924423045
46.1785857665919
45.08273778797818
45.70971562000004
46.8298458819051
45.45932980640002
46.5632641485992
45.32163122669914
46.46774801009624
46.29913283812613
46.89612685956537
46.51554510312817
46.80661773543627
45.73199248996563
12.257
12.467940225853098
12.482690880644276
12.152237648824471
13.18715198675591
11.490714283582475
13.125683197171295
12.679637178295755
12.973471668766502
13.080266793230175
12.361610106900654
11.672580980653008
12.787419652334755
12.35140636220093
12.013130433766767
12.83374511448804
12.702010631949957
12.46978721925649
11.551140565310156
12.764088947123678
11.533998892131134
11.473695265915829
11.351971680654534
12.187018070756414
12.025871097437497
12.960632605396388
11.36679693664532
12.842063417839162
11.779900075657618
939.4
428.923
91.494
38.012
77.358
91.744
92.3472415501234
59.886
46.966
163.755
20.121
168.402
84.0
27.327
16.001
62.588
41.0
48.661
30.081
163.0
28.936
33.748
33.18401386153319
60.962
53.0
36.892
119.642
15.128
23.775
136.374
14.84
26.547
26.808
29.1
24.183
69.119
100.691
173.0
37.212
18.961
11.576
97.909
30.608
25.085
114.16
16.648
52.84
160.598
92.309
13.663
29.712
19.683
3.7
91.7
91.70120932656431
69.963
16.4
83.739
84.72498862957438
24.598
29.388
25.988
13.024
14.954
38.033
208.519
13.5
21.717
17.736
18.70586168180806
14.157
19.249
18.81434095111295
34.487
188.589
27.163
27.476897000099434
8.892
101.73
9.576
16.916
33.0
16.718
67.449
5.747
6.12
14.214
9.847
29.541
63.319
14.345
17.052
268.0
21.56
84.383
18.033
6.715
18.362
97.919
24.838
18.453
13.843
13.403984145015295
14.584
135.0
32.438
20.063
19.769718861627965
84.419
8.942
17.675
170.133
14.755
201.61
87.55
109.837
110.19461147910685
11.796
5.74
19.674
51.985
89.879
98.727
19.898
17.16
62.569
14.017
6.155
24.652
8.427
15.258
14.79938748573532
157.568
157.06010060050616
7.541
187.6
15.806
27.948
14.539
136.252
8.668
99.081
69.608
20.595
11.109
9.854
16.509
13.168
17.14
16.64
13.541
21.496
21.019192651008492
317.049
17.9
13.95
10.113
9.15
12.269
16.0
28.526
24.085
16.91
5.987
68.441
64.621
166.306
12.271
12.781
14.803
62.588
15.978
15.089
46.087
12.532
100.698
10.947
171.0
106.023
13.241
62.633
62.462196848376735
79.123
83.078
12.701
117.875
23.188
83.173
50.832
13.468
50.832
43.114
81.541
81.327
47.081
82.878
83.26623547205823
32.096
159.0
65.527
15.07
16.023799699811864
15.151905615809708
15.077194070019656
14.125104285370726
15.299458167199436
15.169959377962288
14.803769624064044
15.441240045033313
14.656923574595073
15.161994508237022
14.992555981899793
15.875136264568177
16.04187101445438
14.08280340091753
14.890754562971953
15.52462077435116
14.66099329753947
14.33761943615702
15.197330650916708
14.832419992746763
14.070715116458457
15.407045029407964
14.923157486269599
15.904644228251529
15.825727919549383
15.194596472132122
15.360838254997297
15.147095044083672
14.42021815417662
15.189369134629572
15.402533981211432
15.029840474135277
15.940589192327828
15.310857504873718
14.163445878660315
15.922095347746337
14.502814027921625
15.759374835264547
15.152545232294878
15.096532740970177
15.460774860277489
14.726773990250333
15.140649629919107
14.855399275223306
14.7831655090548
15.156165369117295
15.375398770231989
14.678493463505037
14.90966570244321
15.055165018796979
14.196585384090788
14.770894332951878
14.318648429316037
14.319158836963274
15.690417246921154
15.844201335408549
15.516431721085947
15.427985649896419
14.99065720603968
14.165344794952826
14.983835057654332
14.785555482219912
15.827889025730986
14.094812850382514
14.775308908380248
14.837108006881952
15.572630575654854
15.74166875311236
15.649522975325391
15.490935923517426
14.3830606136606
15.485778241415092
14.180428233325237
14.616720207967939
15.670535015697983
14.970208822543567
14.776920539180589
15.725427565025395
14.713044354666131
15.147311299496444
15.65575704030445
14.934039373949645
14.510742925199125
14.653914702124258
15.00928596696037
14.292119121081141
15.437532734528698
14.559694791967981
16.06240522278031
14.646725828724044
14.338641063057265
14.452733235523171
15.367874600124255
14.615956659014138
14.920742362653357
15.521708860332467
15.103617061647872
15.823505524019529
14.859275973889291
15.861131505699788
14.131096238519808
14.548545105766207
14.941337896612817
14.235858066431664
15.677699080241222
15.990752914777257
15.472159077857944
14.173775288895866
15.310263326225087
15.439007157748332
14.907577056572691
15.939849964263509
15.409742597493535
15.917304213147222
14.833112811394805
15.159357023514335
14.841158010966435
15.905686225654375
14.56850027580618
14.980942018533787
16.00922232491001
14.229898521582975
15.045619414546977
14.46150685523207
14.170954653167806
15.55758189078732
14.841597483775882
14.227337302628698
15.687608864493173
14.845991770948835
15.517607867028625
14.10468176066273
14.581081697577854
15.144730209152666
15.184901891914567
14.624569292502594
15.509091279015895
14.241870184149237
14.3586188993079
15.207896355245168
15.501662418297077
14.217345024918416
15.313697173400254
15.061368884899657
14.220681155081486
15.84470511149851
15.544586842166916
14.55799870627989
15.289077093522584
14.61849056423115
14.973231763049771
15.635644433668974
14.720152526173395
15.521568221167056
15.739330165546574
14.75916563968914
15.607226410712768
15.352522780773098
15.824609577472192
15.95401128012142
14.155699949694116
15.447069287118046
15.558104695681955
14.698785575074892
14.581337599469357
15.492111953307802
15.35240003429633
15.791837627184405
14.969651601180633
14.225741538730723
15.98978902969614
15.311484183325339
14.08578682653253
15.85317655209868
15.717156691143943
14.95773370365798
14.535801493029327
15.437115498126031
15.463430143444057
14.91991054348585
15.569946302599012
14.159333251067249
14.688210812487503
15.112097558597855
15.359125764619257
14.327417536141843
15.958644900138209
14.91735957100686
16.0063053821114
14.920201765520353
15.691714612006564
14.749449857072882
15.024201502149381
14.828976833574652
14.535882529492106
14.216096485544176
15.736488143035508
15.664718521579905
16.034036190514083
41.9
133.0
54.657
105.048
150.094
254.0
75.748
78.665
132.055
62.88
38.162
62.88
55.2
54.70304512077638
196.0
195.74361948150664
68.131
122.381
121.41577357947318
123.34728186965819
202.248
199.0
116.504
29.513
10.683
22.333
21.513861552279696
138.58
16.161
141.0
144.0
131.0
19.962
19.561587191857054
193.856
193.09355814019204
96.378
122.049
40.359
91.604
91.97715223032631
90.80966075881992
70.097
150.047
149.663790366935
26.982
26.523432676104143
110.254
73.075
72.98355524808123
23.556
22.789
23.3
141.0
211.0
33.515
164.618
77.643
129.545
35.304
65.653
218.0
53.309
6.647
149.925
23.086
40.104
146.454
93.083
169.851
169.99813200510636
76.745
76.95076097241103
15.692
105.679
19.895
27.413
50.643
12.817
101.0
15.481
23.372
20.601
27.352
77.044
107.462
54.249
100.787
101.18877276375395
24.61
16.921
7.03
6.092618112682059
89.889
90.66664989560358
14.045
11.056
16.769
78.64
34.7
11.591
90.317
17.087
16.10313517051153
99.175
19.746
42.803
167.0
56.905
122.874
44.221
44.990455238521065
45.176762466811766
32.285
122.011
9.617
187.871
118.0
24.242
79.949
13.247
13.244165955535738
21.263
11.145
68.661
17.868
11.227
56.468
55.94094020821434
6.42
5.940352436320566
215.134
87.774
215.134
144.705
130.553
130.29106089617906
131.4047942890347
99.5
96.584
144.705
145.56510008346066
93.624
17.285
93.624
93.90724385891876
147.0
13.694
16.487
143.0
143.89196851133036
9.922
7.37
96.086
83.091
96.086
17.135
81.064
9.735
10.871
15.148
18.43
73.199
22.195
73.199
11.213
131.516
15.135
77.339
111.425
13.298
13.010255158423195
14.023
50.094
49.70089976217377
13.724
103.47
44.962
134.339
134.68
47.1
47.738351185685396
48.04099241237265
134.68
30.23
29.77883455507269
75.01
165.0
28.245
28.547813381567103
27.48486231426783
47.55
111.327
36.822
35.857171246979156
52.649
131.457
94.492
19.688
20.021575133555615
247.683
246.95494115921022
247.27226018626556
247.6024617362417
248.0291753881907
246.80180458647186
247.40720014722208
247.3919075013013
247.4266049025063
247.0513463026335
247.74322960549503
248.65425162867575
246.83467520639147
247.42991468844656
246.85716117894592
246.94794372846798
246.84296803246497
248.2528009591185
248.23515515171997
246.8971333063348
247.2498868963981
248.02685193161875
246.96303981506605
247.6614116535293
248.5568388789075
247.8639692706981
247.47318535054973
247.99771540760153
246.95205657081638
248.35653237936452
248.03132368813903
248.25683787546598
248.5141036855925
247.04508860392622
247.47399716058246
65.993
65.23450132819941
65.66160883429716
65.5117729760463
65.43382976008779
66.14557310145288
65.45985589612638
65.91527630553794
65.71742898111866
66.40744225507892
66.6290712353857
65.62287233988769
66.35805127393294
66.74287170269551
65.20913755046266
66.90162095993591
66.11085079324755
65.00321601290631
66.29436175236334
66.34943921199066
66.00641695554462
65.67602339478115
65.75847296591434
66.1441649092739
66.21312016627691
65.98859345502377
65.92167520542192
65.53350270670681
65.62536152631121
65.99260122342733
66.29148061408185
65.1655852684586
66.90704847883968
66.92092989336979
47.71
47.480224587445974
47.5085775064314
47.76995374546259
47.98696972178861
47.60398788542613
47.11082683553134
48.3551650091903
47.30989499271553
48.3755683607326
47.976182682134294
48.204480990614684
48.59288905791161
47.62912406750118
46.97828839209717
47.154086624128816
48.02930064466408
48.10315669988625
46.85100741591631
48.122661978516476
47.395882555770044
47.71902360714306
47.028793031465284
46.858509477193934
46.95674960048389
47.37237230749052
48.28964108812657
48.10197499529187
48.229048814487854
47.40585498794915
50.994
50.67308203618908
50.50644983069648
50.12270538497613
51.8185223533214
50.92497655114784
51.173793766572935
50.00795262999776
50.929696405467425
51.817007494551596
51.32781184555005
51.2521634377091
51.30471757722933
50.532970807455605
51.691725281655984
51.053400675227934
50.57786435645102
50.480978601790845
51.634335122486476
51.370717719367335
51.108220365148185
51.01610726791102
50.76379914974927
50.94382611773277
51.29726624545054
50.18430583061666
50.016135332822245
50.18484646545778
50.909073197688954
50.45171007446017
50.538207616561465
50.43472550647269
61.495
61.696956260156014
62.0792347826614
61.742402522370654
60.54375657241426
62.147010994057474
61.53997675386083
60.919624854376956
62.38492463694664
60.57226386122372
62.45331399828129
62.355268833173845
61.59365094103271
61.58977691393445
60.76154461830363
61.819595529406236
62.2108290219696
60.68117039209741
61.58634971376903
60.76926391171362
60.966286307747
62.00776295556316
60.77518596988006
60.56136509573725
62.077069027745026
61.56712082318592
62.02162474597909
61.812507120533894
37.525
37.360459900569914
36.775851264413454
36.79908069079742
36.63463162396139
36.566417894914196
37.46747060421685
37.45404271158138
36.95561489269517
38.503918127252334
37.03250486233918
37.538220328025915
37.98035997284438
37.94234972644568
37.36683839317051
36.87770287572242
38.503680027554594
37.95133439195107
37.32689216823688
37.184765422362304
38.437564444294516
36.718274739924716
37.020427886033296
37.37594552943613
37.89909982624473
36.60301592436288
37.34137274929379
36.98843152173468
36.82543709694018
37.06831057546061
37.37645038385021
38.467526887106956
37.40812481553064
38.11696595518966
37.31245415467272
36.8195106493701
36.83443424374746
37.886489205045386
38.4466896339879
36.57200919472247
38.29237911878361
7.0
6.409600457239762
6.661748580778378
7.47656756959933
6.342219878338575
6.841730443278513
7.861962888793152
7.578904880326902
6.9516612806933376
7.533714228431563
7.5593759112367005
7.748645037532166
7.730139708828792
6.3149631223468266
6.159073974084208
6.164774309458721
6.249284052066748
6.955370583024359
7.723931679159343
11.906
12.37832583183744
11.047559177204935
12.230412590646475
12.123566816721732
12.581178937730304
12.290923140715833
11.23796354510813
12.308673460993086
10.921800097117563
11.934156653091144
12.879508087309805
11.312382714751797
11.863730746970312
12.890929677084136
12.110117216462314
12.608453969360857
12.548139464193504
12.240283273984579
12.663103189837505
12.80945000191841
11.13378465690928
12.15065703737134
11.490742744750685
11.396439962868106
11.96577986251967
5.571
6.02163076687355
6.401228685414573
5.326231316190148
5.992579988948609
6.53262638229425
5.3884087539784655
5.27331560466965
4.639635969003589
6.468433245339427
5.660298422908716
6.281164511926271
6.043850718065436
5.217347312334322
5.491772898186692
6.4397787812389655
6.062116463793606
6.235548703047222
5.17102914382697
5.500823661020105
6.306899817570836
5.723636488287464
6.279198352892996
6.086635853250703
5.747558749701763
6.3138353303648405
25.362
25.29460288527372
25.012812605441347
25.06919383698272
26.012490060058433
24.597405057293408
25.431262651755734
24.754091531995094
24.89528178303821
25.498775940714626
26.248447880697785
24.74390272725373
24.923372377424894
26.3209606768039
25.013330374506598
26.25846574972005
25.13657973465421
24.950766261678677
25.416238049243418
25.866718241676327
26.03565653078404
24.569169955791704
26.24157464519815
5.047
4.0473954323406325
4.142527166387234
4.63047513259781
5.988989079246743
5.654234128705264
5.274973623269732
4.979697090497723
5.647490463611934
4.1406055873027965
5.758289443234724
4.409282993145682
4.125884144377561
5.738636646665928
5.19004753256104
4.99601672642496
4.818711206110882
4.734149853466977
4.4961996433840845
5.4787104899800285
5.845254963413569
4.264695995874493
4.494609967954861
6.028531267245482
4.661036029679747
18.363
17.987586315886432
19.36106537121933
18.130505410797895
17.957244664210688
18.062578667993005
17.75495245154898
18.675092669035916
17.768641481165282
18.681321452877654
17.457082371965324
18.13469919865975
18.560250972763132
18.958115614036085
18.01869904685767
18.195060960834986
19.014562699989764
19.239556730827463
18.502167984714216
17.79649853310936
17.96019630700993
17.966217398844794
9.692
10.314122739884448
10.271434776770672
9.91612676540206
9.905616139736338
10.068376305898532
9.825629052900991
10.14283150951096
10.097146589323119
9.546312618090358
10.682551684902768
8.841320558066915
10.445085931266131
9.253405636536332
9.104748348865215
9.635402083635354
9.410362280457239
9.507337647633202
8.961655023888502
10.413965264940776
9.282114235291628
79.0
79.13523445790877
78.35963121896287
78.16040435210742
79.44676388765812
78.77146940154908
79.38235078582218
78.93134777555491
79.76941846734847
79.08681882433457
79.45036888667968
79.65600885680097
79.23189744153589
78.78974746610125
78.79389353788514
79.88424677474754
78.03162558495535
79.26155436236753
78.32397414130504
78.24202406457806
79.76243385362838
46.33
46.04238931153997
47.2595839322718
45.65017464273538
46.413493600153764
47.04316917646832
46.056125227938175
46.6854573409866
46.43876541788587
45.49170591209154
46.12276429524266
45.731698943286176
45.38620123015492
47.29227836430396
46.77644414582403
45.375327012150734
45.609253819574576
28.527
27.751914435863995
29.502317338016326
29.51466872064876
28.80705782471601
28.142537260341882
28.60246073066651
28.017623337202394
28.4486108798024
29.34888037181468
27.66868339276868
27.694657360427854
28.630835655495634
28.35891896423946
28.06604753477914
28.995453939619196
28.83900606408612
13.788
14.485620081363225
13.655703669460419
13.806169127013638
22.583
21.708142789285755
22.00922230293523
22.40962312278066
22.50207314281307
23.233476797035987
22.416050132112407
23.543100645100136
23.408838225183032
21.97574681827514
22.710357734353543
21.78214352546257
22.775126209829228
45.816
46.120212753977455
45.65093457119932
45.99499780435381
46.03716219866531
46.384770100221736
44.99304177623889
44.82700008669529
46.1575678977636
46.706356194133015
46.58011461155145
45.634
46.181174097802774
44.80455597278154
45.830241433655644
45.0817391372775
45.1046479779517
46.47573938221769
46.24778451986028
44.73193670294758
44.670013822347514
46.06805578880058
44.87130343475808
271.324
271.27138511709387
271.936774692134
272.00305676756363
271.72232974690195
23.1
23.48453529490058
23.486372347121986
22.386080306058123
23.138969233046137
22.368540016075862
22.654953865804476
23.89572681702183
23.73954019380872
23.784410398458757
29.33
29.2229092664727
30.324091436382528
29.88129510869395
29.232151097841054
85.701
85.99668677302573
85.8511493764521
85.61051327571815
86.18760467495542
86.70022826782873
84.97342971232098
85.52114179433599
85.93728040939133
86.49124746130894
20.8
20.571948550346097
20.68725663625151
19.96111969443291
21.795821312637113
19.965548032892503
21.10557014877468
21.73001343521481
21.23964117574281
21.318671176023244
24.442
25.369317684513867
24.220673638825733
23.48628328050469
23.68106560504196
24.375551391294852
24.39968755361944
24.26525818796882
23.810572346603955
24.663583763606354
24.156440751275735
24.93137835351386
24.26717172295499
28.474
28.811912248184726
29.05403537814679
28.576789896380586
28.31321917552106
27.622124169698488
28.968809583967868
28.633212920021588
28.634878633239456
28.139694465194808
28.617778880590592
29.451360805389914
27.539916878182684
4.5
4.70847428567571
4.903195719675884
5.278771910272282
4.721912835533939
3.6281394026301683
4.200261374022283
4.945319045791576
4.8820695677096495
4.541516220315313
4.792792915877205
4.862088382313793
4.5004205474260495
3.5223228881434014
4.296335893099814
9.164
9.620758279074689
9.878455407545452
9.889931019276911
9.906981626034273
9.001603574721342
8.367950201706503
8.399990257253926
9.714475546626069
9.29027720943732
8.981002080387903
8.410401994465023
4.728
5.344192765340796
5.674191968328699
5.503721510437346
5.063489955142886
3.804224081716758
7.205
6.930402869729774
7.026143375456243
7.381787811412707
7.342752035475684
7.822611409085386
7.664563902293271
6.606440961201156
13.409
14.100081502231667
13.903244967936171
13.500619794174739
13.869998267340742
14.041848799790293
13.706004911949552
13.295627801088235
13.932307263194618
13.35957448171255
12.768191430565045
12.427852858075557
14.255236383130342
103.071
103.9557543231985
103.31437244545153
103.47236380715711
103.09143112544784
102.07244810006061
103.44900369403045
10.212
10.068752337599209
9.852877655115686
10.574057512173034
10.796825524221232
10.698599547410812
10.134556737130504
40.243
40.26861412166629
39.368151619068385
39.51951639369073
39.617286686944176
40.60432831230858
40.83514382908621
40.549672330434284
40.621876712563406
42.2
41.8681516069852
43.06503469333437
42.60899038389713
41.42186268089459
42.56761284231152
43.17570251592956
41.86502590000313
41.549654939368025
19.64
19.971083465442632
20.21601272188166
19.73731449623268
19.250518714416078
19.54407384278574
19.97088736472451
17.368
16.787257114933777
16.533370818213424
18.151280335766547
18.01017505447175
17.945555664609422
57.6
56.95445371003995
58.01845159999558
57.81211692778736
57.6251600892197
57.05237502354496
13.096
12.36066389752804
13.814571395519572
14.03185808067737
13.19607673425849
12.8384828192402
12.434652585980732
13.191964197524607
13.070799279091954
12.142327504760662
13.944213317131132
12.976708862088762
12.954103899601368
46.3
47.1105678602334
46.23152884642914
46.13724352943372
47.03603850003648
46.42496074224753
46.305604343662075
46.6997012183118
47.14508690842202
46.41732910272546
12.456
13.242033910012848
12.63226538495142
12.284672796442655
11.603417392316063
16.078
16.691529557690455
15.823380779219981
16.907475737404894
8.278
9.000182220673425
7.802243418768602
9.2418323190986
7.588622199960961
8.443317191205878
7.495351263145084
9.039
9.764290915759075
9.541399081251555
8.649984746472288
9.955810082537344
9.831974615391276
8.390726015588797
15.466
16.032392435321736
15.393518791244059
16.422266565444968
15.25732271349529
48.8
49.44208260950501
48.225191380321334
48.977151470108026
48.72457638878849
48.418158923945896
48.20244502249247
48.16125351380126
49.06584109944113
20.655
20.776002671323354
20.810746082833745
20.587764803083736
20.289558923705577
20.05805194840531
20.05954950990968
21.52418548778752
19.94396717650857
20.231584030683976
21.159772393667787
33.8
33.630484463340586
34.41927719121993
33.351028282170894
33.922713211958126
33.55053299496863
21.415
21.437780038649873
22.088199871377967
20.645140920986762
21.749744488137242
20.582027117978814
22.300348164592748
21.81124948842865
22.2016681450607
22.130227835252057
20.537749434388434
8.809
9.564994094864051
8.297593300669199
9.678998948044438
9.628803150282788
9.170343144518279
7.82299849343827
7.888557867999492
9.521561144162547
9.562170911064234
76.948
76.16079713607095
76.34991838101662
77.03478172385698
76.10879000134152
77.36744293202236
76.2958794421482
77.31118823436256
77.68136439535225
76.66462535365557
76.97205904020473
76.40268082696596
77.80106224157069
77.30124454020049
9.433
10.37175886496842
9.383428533438373
10.09212362059452
9.93700410322371
10.086124947161245
9.138514076066851
10.179
10.055087824248258
11.132931845525736
10.006742281803785
9.974611545418597
9.46924357809204
10.761847684595145
9.356421588766239
10.283953720995145
70.542
70.2017631083697
69.84280569879263
71.19822787806649
71.16206728984216
71.49870860679218
70.34617840660167
70.79255600462824
70.77082330969209
8.08
7.831963682034317
7.594022955910384
9.074949432246726
8.379366090588395
7.543955570620653
8.349369163383383
7.486023652897632
7.2540788439491015
7.638173710753458
8.672263107665575
7.797
7.696492225572325
6.98613337372878
7.000944405601652
6.957169126552891
7.5787617739147635
7.9659625583464395
7.422265691033761
31.19
31.274165779503345
30.645036378961542
31.037413746739997
31.303648573908376
11.9
12.424377707884409
12.37774898875921
12.746540249167628
12.350830786462009
12.822227992043246
11.904023503348581
11.442707859482177
12.110882953570059
11.944505776008674
12.605282231505237
17.453
17.42091494566706
17.52066177483355
17.35188962368146
17.42490871455149
33.438
32.847411076788475
30.05
30.0123049044716
30.21127397396745
7.98
8.059988254636451
7.049718915499457
18.234
26.5
26.814406194026006
90.788
90.99404853662855
94.542
95.32690284733019
18.597
50.489
50.56870791903047
51.33336382882023
50.40612051962324
126.0
125.48836296010542
80.0
20.126
21.072035622626792
20.74114656789399
80.0
36.9
36.980188545049856
37.60046328319413
37.46676784461818
21.0
20.149708111739404
21.77848587341584
20.549501662448648
15.161
14.1779214776769
11.614
11.012240948658418
12.440351351026193
223.143
43.2
42.40778468378699
42.978922704374845
43.52593456476932
43.84221627833022
19.349
18.611501354446137
15.472
14.740271262618316
67.285
18.307
17.496621915062164
17.54960066497811
18.990161216989762
17.554436707371313
10.274
10.480926772951188
10.781697699815394
9.296773872872233
69.919
70.77596787300834
9.754
9.012099484626628
9.867769962016721
98.0
118.717
15.921
16.266962957821278
16.568332154138112
98.0
98.92190533289204
97.55065636903737
152.835
153.3026685127273
153.54203095342592
152.48026217284112
106.0
106.37007945564997
106.06242710078925
81.924
81.32107351188269
109.0
108.65865915833197
27.339
26.42208140463327
16.704
45.367
13.297
15.662
14.700443863943795
15.73925542919479
9.313
16.294
16.215296062630514
15.95122699671061
11.469
23.52
22.961047209937302
42.866
43.1183750783952
42.82405678757993
43.068749778073744
42.051998283759445
41.98885581855373
65.042
64.85334501530266
61.0
61.22462586587624
15.869
16.152753353195532
10.588
11.043236717096075
11.308239734217008
7.64
7.074100567446267
12.416
11.752091858863052
50.0
97.0
97.66709798744793
96.83464632936018
96.52209186295369
39.43
34.6
46.63
102.0
102.70447398595716
15.998
15.445348963073842
66.555
67.1348080689017
66.80080630832128
10.971
10.800890635441025
17.323
17.714162953387877
17.134801583948267
16.456478950579854
11.075
11.157180856364093
11.128822013289863
10.629
11.257526092049652
10.012274981685756
13.354
12.66914159981254
13.66357942975704
70.0
10.931
70.0
69.16688306403924
44.997464172052766
37.361
36.887717804496276
46.87
46.82184930647652
56.285
110.0
110.50412308313561
73.536
73.7737940370735
72.98873522472233
74.1683330144949
73.00167372899894
52.3
51.39258251823637
52.00489409986361
31.63
58.166
32.822
58.166
61.821
30.857
78.52
79.03977251330811
77.87035399034289
78.2230885861516
61.821
61.867584317399746
22.15
23.09009623522673
22.325253105039824
45.529
44.95964112786999
46.9
46.73423171055681
37.818
37.62847570288795
38.45605965322743
31.293
166.028
166.77495623661804
166.1667446065508
18.216
7.046
7.155470688205563
7.571815961016155
6.573094579365213
6.284328624998433
6.157991895050972
6.334714959046865
6.194824143861473
7.531041310292867
8.00633851785123
7.685281845776837
7.433463262585163
7.002567729593904
7.56606133397226
6.682493831191019
8.0438931169121
7.062894088190983
7.7483626897289115
7.287918788514493
6.239127742988831
7.464381746233136
7.1143818497422755
6.994575156215028
6.765440456624972
6.981945968028569
7.38328810419638
6.311293213642122
7.886681537368244
6.108201707912302
6.7211767013665344
6.334235084080448
6.894638391848618
6.611949710673146
6.300069392093902
7.772619015465146
6.201286447297234
6.735244451682217
7.75738918532319
6.709620818514316
6.268949321107559
7.997999294754356
6.1739739031790215
7.738912459089105
7.918049729564298
6.55839109589939
6.401947031215157
6.8374581891794834
6.468327308155262
7.210291497106782
7.393724341163111
6.422278368303965
7.339175054252463
6.660629435436943
7.729074569464021
6.492728203178891
6.069652736786155
6.652764714522133
7.768273742711785
7.362074383673036
6.738463842695482
7.191038851290859
7.85574957290275
6.4335715081541105
7.213288212185906
7.589930662982997
6.9480558168969635
7.616953309890042
7.4853019233523845
7.2314680842570045
6.603384042354274
6.383119354355813
7.788436367887861
7.530106444241545
6.996120238108263
6.843780989102991
7.642766102753986
7.349341955515125
7.323596060161185
6.374681009366423
7.726964870626137
6.83984280274192
6.668146868553586
7.77660692416562
7.512794925639195
6.748359001953413
6.441513251464636
6.436303987206249
6.112705792747976
7.702880226716873
7.808331028271327
6.721193012661129
6.529548181541093
7.106136458122757
6.265691439541336
7.284026346418683
6.309386492968503
6.5925189688104355
7.583297175676838
6.796587359914218
6.455256147236053
6.296794140449278
6.8175936564853865
6.174319733770345
7.232360957301391
7.9662723882014665
6.207762214156656
7.784469303734607
6.5183924462689085
6.422066681061801
7.927368130769373
6.761240439343999
7.164862504042419
7.024866051207105
7.878033659650736
6.8997421248910555
7.105662227344973
6.9945655881444395
7.519441711399388
6.778087376470378
7.506897040965888
7.162343497324098
7.962182667210383
6.855670010443675
7.2555562086193355
6.787387157714487
8.041936143326941
6.323989759384461
6.150810692529483
6.0619101132439495
6.8451205031925495
7.598418813314548
6.0695131501117405
7.556457792468679
6.666349589385551
6.6430211060427835
6.584315820876335
7.000198893448925
7.417619003489392
7.495398150511885
6.493918482427797
7.545762471757413
7.059118923976319
7.609972940779856
8.007813660906198
6.2999620872518545
7.9926867338905865
7.778339067977534
6.47770628597584
6.664199936579923
6.610660033914604
6.220844122654351
7.683011849777081
7.108102220825624
7.327509513329986
7.023874656179645
6.7915528315953875
7.225292586985503
6.743967795920117
6.575256316746772
6.615748601028815
6.46817514083418
7.516157837994951
7.453472009898151
6.376972862937958
6.446907757479822
6.236882465842206
6.418302568165444
6.324778617499464
7.384305452055074
7.675948624795256
7.841172385609132
6.395371545813381
7.463761026133924
6.9696402134761595
8.01785056690412
6.959177556265708
6.16773615898555
7.77471537511029
6.777208350126076
6.810499051938607
7.841944581274454
6.491463013901904
6.256681661887877
7.80622399003821
6.193843044697254
7.609724897825147
7.449370648279233
7.992298811996326
6.268345832068622
6.383351241489816
7.878522726966201
7.124454232385926
7.048806117275021
6.421677515095876
6.370151660023775
6.531768653487121
8.021788720907633
7.002837325407255
6.880758785140593
8.013156205864904
58.913
58.080796378545365
31.714
31.830319515737063
61.37
22.112
22.91414289062421
22.286738020493807
73.783
73.35483906188222
75.823
29.959
36.264
35.452
38.7
37.173
36.487063492503374
82.251
22.939
23.643
27.033
26.617202468714318
152.658
103.039
22.383
63.716
63.501819400772064
53.906
54.29807180569565
92.0
41.662
41.47254068377128
41.505565545077786
41.10616748744905
35.614
36.522249080253175
36.21567703968406
36.30964549462105
39.958
52.293
165.957
165.12976557226173
79.796
79.58330412797201
37.198
36.494556509717434
36.945624812246606
48.879
48.2314336087507
49.24864666451655
49.214711141584075
34.42
23.972
26.612
26.16004440616284
26.39861358311443
145.0
144.71200685139942
19.123
19.150841679902182
113.307
112.4998096500864
175.053
175.75984481231725
118.229
19.051
19.30729751984719
15.815
17.708
16.708917412133754
17.528052790485116
13.026
21.29
29.833
29.489585056824257
29.721269904427142
35.98
36.73583609711611
150.56
149.9254641705941
21.4
6.568
12.64
12.008
11.381394193673383
38.3
22.225
22.47286370922957
59.811
60.55132140714918
59.389987668660844
19.257
21.746
21.756048220924523
15.986
15.484775027400199
9.866
10.40535669931451
133.096
133.45262013755388
19.596
19.768932811706378
20.544898603698623
31.844
32.45158406317247
21.116
20.80169019206632
20.952823051722735
19.491
18.981202242332877
19.433079150023655
19.451981754280844
66.435
66.61923156868069
10.884
10.030402573689353
102.882
103.30183536917218
102.73854445498436
81.733
82.34705469955955
14.613
13.81231871316702
14.66808321189706
14.653531016331048
14.387
15.058845203600555
14.631865827896272
96.568
26.283
17.268
16.421642514289985
27.479
27.28290888822103
26.878
27.809133507963395
18.14
107.3
107.80652408681945
30.207
30.01816514488344
164.0
164.1982085757799
182.472
126.076
89.888
90.51419744242192
126.076
126.37035109008804
14.457
11.093
10.74726000248398
16.362
16.901746458517106
15.711655137295246
119.0
100.379
77.071
263.468
263.71610741652125
21.938
7.74
7.05055536097111
151.413
152.03648140951572
109.315
12.395
13.03811938442627
39.328
38.810806517678365
38.464509304591026
39.99554791873615
53.238
13.786
14.764834962672015
14.557704867972477
85.909
85.57926244160403
273.322
212.6
211.68331368669598
211.6310044870318
211.76806963038277
212.15193345733073
126.719
81.688
80.697
80.17218240851867
199.0
199.2092967008997
160.204
35.356
62.692
63.01320433218213
160.204
62.377
55.0
19.543
20.30846868379108
19.577265888744837
7.507
7.316632203721819
6.798633797509174
7.472669675314496
7.323666294251888
7.207780848178955
6.945295681366013
7.309666903754065
7.456336610286342
7.062321903969508
8.309034268381012
7.754174908567187
8.355126237922375
7.74601596009609
8.235594638905122
7.379716045128603
6.811549644413926
7.625554949339161
8.462935007243662
7.039210670296223
6.854789390536572
8.292217379350461
8.09645448153848
8.356506317237963
7.772824486265105
8.176755515539146
7.641873198096453
6.858954925637362
6.613516654043125
8.497827345569382
7.622202316275202
6.775885429051687
6.9116858841307725
7.278693427721873
6.906790775197711
8.049320002862542
7.01098030272408
8.196227834633511
7.575753015380693
7.7827149718779784
7.010790305229915
7.136469527767606
7.672397790649886
7.28073029961033
7.795282679607448
7.632955675961492
7.680855252940418
7.735924207431793
8.161044855173264
8.47254199312707
8.119654246978213
6.598586172989533
8.064347081667655
7.412948822840844
7.03905314255127
7.582676602405696
8.483373450391614
6.862721615338478
7.719665847025735
6.721252984391026
6.706421044144739
6.881826081374347
7.649615360737376
6.86800377761949
8.315
7.394424224890974
8.748042522621148
8.912011098697572
9.030730704218161
9.303866165777523
9.22496468596993
8.925906973604857
8.954089575979502
9.11431374942448
7.450924833866688
7.770066071842825
8.24757595828711
7.517532289471901
7.893741559231108
7.506409373170064
8.440444943343644
7.410942879914696
8.532902635703795
8.288204509215563
7.985687176386927
8.976752327966668
7.733381456623532
8.179737159380853
8.935905983717223
8.575122627103001
8.22162533223153
8.216009610868337
7.952683345397388
7.955112894674489
7.830283770928349
7.416613560597705
8.74816636731513
7.353826667295918
8.225313875269006
8.545075952937967
7.769862478562424
8.838739177248902
8.260299130079346
8.66441855589949
7.9507148371838365
7.600441524620322
7.795892696736091
8.448088317417204
8.560744637166499
8.904083749580776
9.084896028395823
7.39594155689879
7.393243156487669
8.14336075342088
8.90408394073242
7.592358147622939
8.599298450006952
8.97151298794493
8.54796249707136
7.943948112632978
8.405562893404927
7.87962513432063
7.633798547957683
7.598564331220561
8.348270793622447
7.800454717725326
8.809586388981534
8.873347522693695
9.205359037503086
7.794198637420888
7.398789220234997
8.121972136552039
7.585864719378552
7.553379736415182
7.429778972697257
8.779441615593386
8.629090421532274
5.756
4.785104001792843
6.747835595597592
4.930743391093034
5.8620265278507215
5.5786532022264215
5.245346436521977
6.046154595186715
6.677219209020853
6.1181616484265895
4.887795867038356
5.710367396817476
5.0867015736500685
4.95461283667831
5.597107833523564
5.999912441436361
5.619968260812119
6.379759404625713
5.124829861908939
6.7280561457514985
5.0675974931149845
6.33910840619928
5.09459530769475
5.702563121363232
5.70181437917102
6.357342790911466
6.0895718666279475
6.439612408746642
5.930926686363696
6.5792059751765075
6.19417908613392
5.859690788662833
4.860530635436238
6.625538278552504
6.134019475376685
6.012230272449223
5.873800500015237
6.028089196467835
5.408575101614527
6.377345010580927
6.432837947506935
6.567206818130096
6.665681676913065
4.772556549809483
5.75605394972958
5.727936689630526
5.862971032784213
5.93129955045679
4.924181234770049
5.959695094110923
5.751370243993947
4.794475463092842
5.419077244703062
6.214942773423136
5.790284614836863
5.294307702610624
5.980032759836041
5.65708161481726
4.836472063185763
6.3498271275271945
6.445048600709423
6.51976779322368
5.53814558661655
4.222
5.0445650772908515
4.424754347028747
4.358930592324543
4.1485022536927785
3.4828150566562117
4.065336932130833
5.107246311779681
4.711883781005779
4.197263546871103
4.1635791362418155
4.20771966024072
3.758780710079229
5.086673316885385
3.8709139485334374
3.826639053919504
3.6644270938346626
5.036136877853104
5.062435220431746
5.97
5.239590443779086
5.202654792088428
6.284351231978558
5.587625396602927
6.31686519976857
5.602913430544179
5.2127512568165795
6.618950607473641
6.577671463732573
5.211391227447828
6.530685714815669
5.596903034353425
5.372966821750258
5.840422103998441
5.111945250729583
6.5968650948194805
6.091513482421176
6.575958766910238
6.048738866263184
6.219078672767401
5.014132052286804
5.886838275922068
6.954032599623103
6.491724072030141
139.785
139.13998732104855
139.11810772742567
140.74771191856414
140.772601737143
140.0340456738136
139.64246606243793
139.8426117364068
139.50882725814023
138.99132547613073
139.49636380307837
140.7536195476394
139.74145945173643
140.00433746626433
138.97426795117653
140.4436714816436
138.85322776224766
139.05108803282386
138.98714705773318
140.62972266988754
140.32212030814338
139.89704793261112
138.87267229711546
140.5402536593961
139.74228264821116
139.74333494326368
140.5911792415558
139.47456614700178
139.20567011728662
139.56741097713171
139.26515620635064
140.61233528679537
139.06434836455324
139.78553805753336
139.69287309787848
3.521
2.8570132453750334
3.8800149701630993
4.0892708300301415
4.0236004263442
3.9779019043862656
3.1885312885727153
4.0199795522152275
2.5725083520549177
2.956697067866912
4.388453880503333
3.3771379220053213
3.8381239711839226
3.0785287651224493
4.432870580677355
3.8166126949891606
3.6235033929028733
6.63
6.58637034636461
6.126583762889383
7.004596926939274
6.513034176599393
7.541853023187867
5.745756731943922
6.6721920758898925
7.617886226379631
7.539619517523277
5.672953257823232
6.0896602380222875
6.0609441517854
6.677895535966188
6.827070776380811
7.161129665443597
5.8558906291720625
6.457867182322529
7.336298900199331
5.847945138724867
6.4798451509401715
6.015907474439082
6.962672657595281
5.859189988712049
6.51568570647266
4.119
4.9207152008360415
4.774530009817924
4.9643410042485545
3.5973586674161866
3.1795097462096007
4.409650627998596
3.8320114704572843
5.117196457575563
3.2973029332015615
3.61198436583436
3.415059857915747
4.2380540413295185
5.067390400179666
4.625921167633692
3.2208078874261865
3.2335266581041027
4.621961070593183
3.462563600065237
4.252431636726763
3.790978752062038
4.263554348473077
3.7147107727657525
3.9160266280169616
4.577772180419336
4.776938818662005
4.591
3.671644906383471
4.14549784030349
4.9870384399317125
4.307814996837365
3.8909202448903146
5.164669053671898
4.878988489937603
5.437323105370739
4.415280916602599
4.52310098543396
5.3076074696078015
4.3752205866073774
3.8983037256168966
5.392461731264339
4.325882519162777
4.691669823669631
5.170174477874275
4.570024127787365
3.643448129813274
4.648589071170451
4.548748107145953
4.493168877634588
5.046918516815429
4.044762983353564
4.144874504661436
6.277
5.456461598970172
6.159491016122369
7.2486973654350795
7.239271574467205
5.983295493563942
6.698945288519579
6.65088368903779
6.171899048178193
5.294213712873551
6.203007117486723
7.157106391826419
6.113400875813417
5.395162536678987
5.974782810030896
5.946773579668628
7.030605097914126
6.909616600449982
6.162369083399821
6.221592374601887
5.943354334370686
6.280640522455417
7.200517024969603
6.744735222386219
6.572733880579159
6.292125912706534
6.4362355330460215
6.96
15.213
5.413
4.099
4.912
8.25
7.294
8.08
8.001
6.148
9.68
7.711
10.041
9.98
7.715
5.354
2.94
4.06
7.363
3.772
5.018
6.401
9.608
8.042
9.013
9.735
11.292
16.049
9.805
3.898
14.693
9.8
5.132
1.887
8.312
4.844
4.617
5.41
6.261
8.252
4.305
12.525
8.19
6.488
6.953
9.494
12.6
6.364
8.824172407770005
6.037
4.078
4.57
4.781
11.073
7.012
7.672
4.692
8.128
12.864
4.31
10.397
7.21150800441511
9.0
7.591
6.676
7.555
5.957
5.834
3.549
7.679
7.882
10.765
8.11
19.556
11.0
11.804
9.22370500013803
5.992
7.8
7.4
9.433
11.447
7.94
23.864
5.559
6.883
5.114
10.767
7.784
5.214
7.066
4.471
5.459199503700142
7.241
6.579340704575046
11.666
9.088
16.71
15.621
4.858
4.908
3.485
3.477
8.895
5.565
8.055
6.4
6.29
10.623
8.336
4.188
12.007
8.1
5.02
3.784
8.146
7.578
7.808
4.182
6.232
3.46
5.0
5.067
3.443
7.441
7.934
5.375
6.681
7.057635020659706
7.562
6.49315980731172
10.09
4.904
6.064943741487413
5.0
11.17
6.581
6.388
4.08
4.0
6.2
9.0
6.482817328703204
5.158
5.244
14.138
2.884
6.267
8.599
11.504
9.918
4.011
6.58
5.911
7.7454319523297155
5.154
8.499
7.315
10.19
12.29
9.741
7.812
9.614
13.559
4.157
9.3
3.062
13.257
6.858
4.03
6.931
4.882
8.083
10.006
6.866
5.14
7.0
8.38
10.534
8.421
11.611
4.25
5.548
6.302
4.37
6.443
7.46
10.336
9.646
6.568
10.108021342806822
6.641
7.16
7.473
6.885
8.53
6.495
9.008857425878803
7.84
10.021177852937951
6.352
7.265405590616869
6.204002438355568
7.209352162639664
6.571812380031146
13.5
13.91613195330395
13.908652033786758
7.922
7.106675453492436
7.318665189593726
7.0247771738202
9.639
9.385384439435803
8.91137745119819
9.764518784413895
7.47
7.04982966852759
7.808403164982993
8.195659670738896
7.076430981658437
6.77750633100159
8.039943042319509
5.336
4.594991987655204
5.843088797771369
4.730384738885996
6.3341834545072775
6.848
7.168513217263852
6.21033965849811
20.302396032201834
17.162689010723152
17.817932857613066
16.836948357638505
19.007841297476894
7.339
6.34849998701268
7.2710193792359
7.036622798008578
6.585023685178473
6.453097034404202
8.01003019182237
7.875
7.8906140576613035
8.470937454235747
4.361
3.956955607076596
5.209291133662339
5.289935904158081
5.059295543625351
17.402274423497595
18.328611096018097
17.477576467472176
20.63455759330168
19.75701951603851
21.167662364835003
20.366343891515047
17.627205992674885
16.95623517952818
20.879706066210986
9.88
10.479219356290997
9.194976467162675
9.93701367922105
5.2
4.582923155120552
4.75611832852263
7.514
7.723062622467822
6.875461516703426
7.346296454715926
6.858501074015585
7.302641576374222
7.960721327776611
7.555328698863042
8.322909623661445
6.880595097392536
6.781928092989629
6.662191323768273
5.962
5.165214566995095
6.248451774990102
8.84
8.651203191283614
9.661317390312979
8.159139579433136
9.500304240460821
9.771670300289845
8.498822094475884
6.52
5.569804904527365
5.710601187609123
7.15
7.614682863298965
7.625184384390517
7.163862559953496
17.881748404161325
21.05485896640376
18.186307223996593
17.783977371325918
3.63
3.648961158337494
3.6842215041220823
6.933
7.054910606936568
7.295852079094086
7.529329103075015
3.3
3.382993073258916
12.428
12.686295684396075
12.01780121080403
12.703469270955427
11.843668797055255
6.074
6.6506793070564845
6.148201086143506
5.092996512677111
5.955
5.481145350023101
5.6342311267112954
6.163518775715125
6.262848253545727
6.945161264524848
4.96013099914193
17.628165964267083
20.02052287633759
19.50360496137918
4.959
3.992039274493
4.811922626494921
4.9430477754497195
5.881465231091909
4.178583186475411
4.928593730786078
5.028781728256329
525.4
6.601
5.78588288957804
7.590951938619278
6.55
7.311866970657647
7.015519313871443
6.96057435311976
7.083163423380381
6.594882310002377
5.622146256894183
3.953
4.605350475288072
3.392778083196009
4.01335599833789
4.6992805761284036
4.421389341735552
4.379098797494421
5.116
5.486124386099175
4.211901772888112
19.69939819816897
18.308093860001264
16.839630955166243
21.41011113507067
18.21274406783545
20.665753759431155
21.45364667680358
17.618512878957286
4.669
4.600941813588946
4.69286173229884
4.767527065062926
3.862
3.5370165743073034
3.793070285942879
4.21800911956326
21.458530384354404
16.85857521402369
18.13629083569424
20.476098210697906
525.4
526.248649137102
525.8976550922206
4.617
4.138155040809911
5.152481551262446
4.91761212636369
5.302
5.845347509285816
5.658361391343879
6.8
7.475364298116117
7.738332069569006
6.7378935603808205
7.230979134104572
4.424
4.450551505026202
4.190196697625454
5.319136253244218
4.2525803013936985
4.453675516762011
4.583169317529471
2.498973929385798
2.203615015765103
2.209107575532977
0.9175624459529996
0.6605190208597693
1.9337972146794642
1.9580806154069652
2.246369723553994
0.6250988650983591
1.61839992025359
0.20796030245882546
2.0072378531857655
0.29000139109915324
2.002970135681813
1.4663368280466782
1.361727566580126
1.6820259926185042
0.5144389589740239
1.1481367554930415
1.8855240172125265
1.9214814202207755
1.6385573277883299
1.9521092638188076
1.0586874893530012
1.040378488087415
0.6945945033672221
1.0419624952629758
0.03979531107755463
2.2749688269474206
1.3770663746644045
1.4774009100773848
2.4878711183596325
2.171281272643089
2.4039198709176466
0.6599983973522203
1.1674186828329092
0.40895157032529195
2.037094634532055
0.6797512074103147
1.694508254069997
0.7786846676676538
1.1818476675838423
1.7784612228061447
1.8753882160731914
2.4761078745864844
1.8798981284057747
0.8325780785675594
1.30996360658955
1.5887495941658352
1.9897652600676636
0.4890134389027283
0.8564991379067037
1.582696811494463
2.2222916295816733
2.3594488093000683
0.34669502134258634
0.4902770586611709
1.385153266285084
0.6899294975052599
1.188294620604526
0.2050747786021927
2.413379038753869
1.95127211389927
1.723940523298456
1.082204532900037
1.9699650385751672
1.6798002860942107
0.9669007518351591
0.5679560783758419
2.2230493251982244
1.9425034950777302
1.0820434632208698
1.8898650585642374
2.1992699730984864
0.9696391993373155
0.872728255380647
1.4910093099336903
2.490981696724484
0.49544998551664454
0.3088623066141105
1.5312164222174793
2.4969339297368274
0.24159917631851036
2.340255451919399
0.14571770756397484
0.16651488330083986
0.05715580770582562
1.3276718716891434
1.0352439273674596
0.8478219324416165
1.0610030811761362
1.7691342712000824
0.6905689122240908
1.9733942824527668
0.32187353406576635
0.5758143664564166
0.2586245685840822
2.394488199120519
0.858507468631236
1.7141335750430233
1.6433505905856483
1.715193536924346
2.4962603085151382
0.8783761559145846
1.2790239231185008
1.249419145994894
1.1566096639291654
0.7592629508804243
1.201988954071378
1.8749466033797657
1.5860303429530056
1.0066028001704974
2.2263746227987466
0.34072399380263274
0.9631959701883379
0.9491848666257892
0.48427638806166806
1.5617992520829684
0.6967233005737983
0.0521277552984345
2.436392509950357
2.043138518637692
1.362292571486985
1.7561287181713707
1.9436044219313215
0.7984442005432317
1.6387842078095223
0.7268566236823122
0.2875930654829477
2.394072735495754
1.6439232421484413
2.0706957424978083
2.1148045787774574
0.8235459840749426
1.3924418499984128
2.3713665967518054
2.45643468312128
0.6682414371320928
0.27613080893760467
0.5939315951857704
1.8803874385122272
1.1544861565165627
0.487843735416587
2.4745217926697904
2.3141960394891647
0.414051424465514
1.3663246253476196
1.4067384868301125
0.9148156639571194
2.0607436132037886
0.3589238468822229
0.6080267313251193
0.8251234620066228
1.701999732551542
0.848408171437558
0.9931142218300653
0.39983384914340014
1.6768703297152987
2.03133211762923
0.14988063824739406
1.0347937961775218
2.3358511930106607
0.5108263574119603
0.9161568045886921
0.3549748033651339
0.32954381270596844
0.01440017091433976
1.9025024354388504
0.9366543083034873
0.45487055517720654
2.134725756451763
1.992293491808649
1.4739118880027364
0.033165107915309466
2.412468939136665
0.8795591668269571
1.5366801446306262
1.2852138078848374
0.2587525170824674
1.8427670594548746
0.9636181152289942
0.2874639933117691
1.5589223258140548
1.655467337158096
2.264575781657628
1.5173139038838979
1.3967606426480499
2.2328247157138925
0.4441224758088307
0.04384729909583429
1.687039904969978
1.675200643552249
1.5707134480504177
0.47466584803794953
1.919703149013083
0.5170114896417266
1.6312199986111557
2.114477344209255
1.1338718160725274
0.29719735126529256
26.388
26.46238407303332
26.407215529877003
26.946149283915684
26.29115785639789
26.57604694962829
27.18407562675258
27.169352991435552
26.14142730721587
25.905137150308057
25.55080196403259
26.898474853674934
25.503200074589635
26.937268071250724
26.78359811445826
26.091189444906718
27.356504251461516
25.444343975037558
25.86041113850979
25.84710415198019
26.110246419893297
25.531648886152013
25.545391010647354
25.97429387389569
33.292
33.52161504385571
32.747522775050484
32.431090104201395
33.25702251534152
33.13576768093191
32.726380700348585
33.75942414441804
32.864516989912715
32.714990365734785
33.11859132432899
33.489233947445676
32.846331061225854
33.05923636805084
33.41082041574867
32.55514443567959
33.09579170662351
33.52945525589684
32.46885733347118
34.21631700290844
34.142033686632914
44.424
44.36108532737177
45.14450943034976
43.54479738644442
44.49373027720857
43.63785013400426
44.68601316696218
44.49471074992029
44.433196613640405
44.97166512292789
45.15975185119377
44.80146166987752
44.18932529837456
43.91057778012514
45.0922478295086
44.421213422795425
44.25841131168899
45.22347371014052
43.722506959451266
45.12195374994277
43.51561539335867
43.43230753031006
44.11941551203658
52.046
51.7495284821339
51.380439183293426
52.46216514780399
51.59420052718896
52.29105719770783
52.78087335251646
52.64789451051727
52.186146021572675
52.11676087081221
52.795107997255364
51.67227133092735
52.460889206328346
52.453242965236306
51.12057021671763
52.08495709605179
51.959435014816236
51.28441084373016
51.76780443113039
51.56386446962064
124.333
123.35249696115451
124.57049946097591
124.6299575655222
123.43594125441435
123.89555780480049
124.8851678641716
124.44602920536428
123.68461352701463
124.55556056702765
125.1993531927525
124.49103833444444
124.5534501274641
124.23379620799372
124.7102270233884
124.49565488103731
123.96266011496009
125.01060015772471
124.68555680917845
124.49789463346333
13.974
14.56380481715042
13.123253233102554
14.4503229245666
13.68086714631475
13.408949705836639
13.661380691275653
14.093208146448694
14.296529544693826
13.857293145265697
13.355179318694114
13.003429521774791
14.879379495594783
14.539880655981278
13.171171628641162
12.987612593947068
14.523857501887008
13.437597361263986
13.572857561483604
13.705241208624226
120.745
120.22419122283864
121.74259895846187
120.11716818369206
119.84934617891959
120.67264633591289
121.27668095231539
120.65967974674868
121.61325035431392
120.98824010921788
121.66337542932646
121.46154949107559
121.28147096364879
119.8806540714676
121.4957509103705
120.915722183569
119.76900189288004
120.53110547620491
120.50862192390142
120.41656539315031
120.29810621103587
121.12925831837973
17.702
18.355273740489437
17.546366799334947
17.604736474932693
17.07013222153894
16.753717202662088
17.42415945323609
17.983071818106822
17.531004548887168
18.460723681468643
17.87515134743637
18.285630017616626
18.213721803068427
18.621186403712155
17.25801036767406
18.57926493068598
17.615808923940634
17.21160434596874
18.182897283242642
16.981575746268216
17.608596702301224
18.62762148271829
18.130451943870636
17.569149494083405
18.630263570267154
18.646836148825294
17.118552820795998
25.274
25.890037943902023
26.151398693916605
24.957789393930963
26.16164954607295
24.63393367731021
25.578945928901362
26.05360166866039
25.134599918457493
25.464851973746324
24.998769883523646
25.84796521935981
25.04495480804959
24.453206230349736
24.830187068303484
25.47275416002143
25.829489957105764
24.53840347225216
26.0339285926351
24.61786852433984
24.609397063792184
25.455521812447536
24.83079684255392
