13.62
13.62
13.62
13.62
13.62
13.62
13.62
14.2
14.2
14.2
14.2
14.2
14.2
14.2
13.1
13.1
13.1
13.1
13.1
13.1
13.1
8.48
8.48
8.48
8.48
8.48
8.48
8.48
11.98
11.98
11.98
11.98
11.98
11.98
11.98
11.98
11.98
13.21
13.21
13.21
13.21
13.21
13.21
13.21
13.21
13.22
13.22
13.22
13.22
13.22
13.22
13.22
13.22
13.22
13.22
13.22
9.55
9.55
9.55
9.55
9.55
9.55
9.55
9.55
9.55
9.55
13.42
13.42
13.42
13.42
13.42
13.42
13.42
13.42
13.42
13.42
13.42
13.42
13.42
6.35
6.35
6.35
6.35
6.35
6.35
6.35
6.35
6.35
6.35
6.35
6.35
6.35
6.35
12.65
12.65
12.65
12.65
12.65
12.65
12.65
12.1
12.1
12.1
12.1
12.1
12.1
12.1
12.1
12.1
12.1
12.1
12.1
13.2
13.2
13.2
14.47
14.47
14.47
14.47
14.47
14.47
14.47
14.47
14.47
14.47
8.8
8.8
8.8
8.8
8.8
8.8
8.8
8.8
8.8
8.8
12.94
12.94
12.94
12.94
12.94
12.94
13.71
13.71
13.71
13.71
13.71
13.71
13.71
13.71
13.71
13.41
13.41
13.41
13.41
13.41
13.41
13.41
13.41
13.56
13.56
13.56
13.56
13.56
13.17
13.17
13.17
13.17
13.17
13.17
13.17
13.17
13.17
13.17
13.17
13.17
16.13
16.13
16.13
16.13
16.13
16.13
12.37
12.37
12.37
12.37
12.37
12.37
12.37
12.37
12.37
9.17
9.17
9.17
9.17
9.17
9.17
9.55
9.55
9.55
9.55
12.26
12.26
12.26
12.26
12.26
12.26
12.26
12.26
12.26
12.26
12.26
12.26
12.26
12.26
12.26
12.26
12.26
12.26
12.26
12.26
12.26
12.26
4.21
12.38
12.38
12.38
12.38
12.38
12.38
12.38
12.38
12.38
12.38
12.38
12.38
12.38
12.38
12.38
12.38
12.38
12.38
12.38
12.38
12.38
12.38
12.38
12.38
12.38
12.38
12.38
12.38
12.38
12.38
12.38
12.38
12.38
12.38
12.38
12.38
12.38
12.38
12.38
10.39
10.39
10.39
10.39
10.39
10.39
10.39
10.39
10.39
10.39
10.39
10.39
10.39
10.39
10.39
10.39
10.39
10.39
10.39
10.39
10.39
10.39
10.39
10.39
10.39
10.39
10.39
10.39
10.39
10.39
10.39
10.39
10.39
10.39
10.39
10.39
10.39
10.39
10.39
4.21
4.21
4.21
4.21
4.21
4.21
4.21
4.21
4.21
4.21
4.21
4.21
4.21
4.21
4.21
4.21
4.21
4.21
4.21
4.21
4.21
4.21
4.21
4.21
4.21
4.21
4.21
4.21
4.21
4.21
4.21
4.21
9.46
9.46
9.46
9.46
9.46
9.46
9.46
9.46
9.46
9.46
9.46
9.46
9.46
9.46
9.46
9.46
9.46
9.46
9.46
9.46
9.46
9.46
9.46
9.46
9.46
9.46
9.46
9.46
9.46
9.46
9.46
9.46
9.46
9.46
9.46
9.46
9.46
9.46
13.17
13.17
13.17
13.17
13.17
13.17
13.17
13.17
13.17
13.17
13.17
13.17
13.17
13.17
13.17
13.17
13.17
13.17
13.17
13.17
13.17
13.17
13.17
13.17
13.17
13.17
13.17
13.17
13.17
3.53
5.53
9.18
11.13
9.39
9.12
9.12
10.18
10.62
8.08
11.47
7.78
9.62
11.3
12.88
10.34
10.22
10.42
11.26
7.72
11.49
10.62
10.62
9.98
10.3
11.26
8.8
12.5
12.17
8.49
12.07
11.56
11.27
11.66
11.64
9.78
8.85
7.88
11.38
12.62
13.37
8.61
11.45
12.34
8.48
12.66
9.92
7.68
9.01
13.68
11.13
12.4
13.04
8.77
8.77
9.47
12.45
8.97
8.97
12.0
11.7
12.03
12.96
13.07
11.07
7.26
13.17
12.38
12.87
12.87
13.26
12.04
12.04
10.57
7.9
11.77
11.77
14.19
8.91
13.95
12.8
11.01
12.8
10.29
13.78
14.25
13.1
13.84
11.91
9.92
12.95
12.77
6.86
12.08
9.08
12.53
14.03
12.64
8.65
12.43
12.54
12.29
12.29
12.77
8.56
11.27
12.46
12.46
9.28
13.9
12.5
7.46
13.05
7.56
8.99
8.43
8.43
13.09
15.47
12.72
10.39
9.23
9.18
12.65
12.31
9.79
13.1
14.65
12.26
14.16
11.78
11.78
8.03
8.03
13.7
7.63
12.84
11.77
13.18
8.19
13.98
8.67
9.82
12.17
13.36
13.12
12.81
13.19
12.66
12.79
13.25
12.11
12.11
6.49
11.51
13.21
13.35
13.05
13.46
12.91
11.81
12.51
13.31
13.97
9.49
9.81
8.02
13.21
13.43
12.78
10.27
13.21
13.05
10.93
12.93
8.77
13.7
7.84
8.76
13.26
9.6
9.6
9.35
9.97
13.28
8.68
11.7
8.77
10.23
13.23
10.23
10.68
9.37
8.2
10.54
9.42
9.42
11.48
7.95
9.56
12.89
12.89
12.89
12.89
12.89
12.89
12.89
12.89
12.89
12.89
12.89
12.89
12.89
12.89
12.89
12.89
12.89
12.89
12.89
12.89
12.89
12.89
12.89
12.89
12.89
12.89
12.89
12.89
12.89
12.89
12.89
12.89
12.89
12.89
12.89
12.89
12.89
12.89
12.89
12.89
12.89
12.89
12.89
12.89
12.89
12.89
12.89
12.89
12.89
12.89
12.89
12.89
12.89
12.89
12.89
12.89
12.89
12.89
12.89
12.89
12.89
12.89
12.89
12.89
12.89
12.89
12.89
12.89
12.89
12.89
12.89
12.89
12.89
12.89
12.89
12.89
12.89
12.89
12.89
12.89
12.89
12.89
12.89
12.89
12.89
12.89
12.89
12.89
12.89
12.89
12.89
12.89
12.89
12.89
12.89
12.89
12.89
12.89
12.89
12.89
12.89
12.89
12.89
12.89
12.89
12.89
12.89
12.89
12.89
12.89
12.89
12.89
12.89
12.89
12.89
12.89
12.89
12.89
12.89
12.89
12.89
12.89
12.89
12.89
12.89
12.89
12.89
12.89
12.89
12.89
12.89
12.89
12.89
12.89
12.89
12.89
12.89
12.89
12.89
12.89
12.89
12.89
12.89
12.89
12.89
12.89
12.89
12.89
12.89
12.89
12.89
12.89
12.89
12.89
12.89
12.89
12.89
12.89
12.89
12.89
12.89
12.89
12.89
12.89
12.89
12.89
12.89
12.89
12.89
12.89
12.89
12.89
12.89
12.89
12.89
12.89
12.89
12.89
12.89
12.89
12.89
12.89
12.89
12.89
12.89
12.89
12.89
12.89
12.89
12.89
12.89
12.89
12.89
12.89
12.89
12.89
12.89
12.89
12.89
12.89
10.86
8.41
9.75
8.77
7.62
7.14
9.6
9.05
8.2
9.79
10.91
9.79
10.01
10.01
7.37
7.37
9.69
8.61
8.61
8.61
6.83
7.21
8.82
11.55
13.46
11.68
11.68
8.46
13.16
8.13
8.22
8.37
11.91
11.91
7.71
7.71
8.71
8.36
10.96
8.94
8.94
8.94
9.74
8.09
8.09
11.76
11.76
8.29
9.68
9.68
12.07
12.06
12.21
8.27
7.38
11.89
7.83
9.18
8.42
11.47
9.51
5.84
10.13
15.14
8.04
12.12
10.87
8.08
9.21
7.79
7.79
9.47
9.47
13.24
8.8
12.18
12.07
10.24
12.76
9.1
13.05
11.73
11.66
11.65
9.79
8.63
10.27
8.93
8.93
11.54
12.73
13.79
13.79
9.21
9.21
13.02
13.74
12.81
8.69
11.57
12.63
9.04
12.85
12.85
8.55
12.21
9.93
7.71
9.8
8.41
10.48
10.48
10.48
11.45
8.57
13.57
7.44
8.34
12.44
9.59
12.49
12.49
12.43
13.33
8.96
12.6
13.37
10.01
10.01
14.07
14.07
7.18
8.86
7.18
7.86
8.59
8.59
8.59
9.07
9.12
7.86
7.86
9.32
12.78
9.32
9.32
7.58
13.21
12.82
7.83
7.83
13.45
14.0
9.04
9.43
9.04
12.99
8.81
13.9
13.76
12.8
12.91
9.54
12.08
9.54
13.21
8.16
12.89
9.84
8.72
13.21
13.21
13.09
10.36
10.36
13.3
9.27
10.2
7.72
8.39
9.5
9.5
9.5
8.39
11.83
11.83
9.38
7.75
11.56
11.56
11.56
10.35
8.89
11.31
11.31
10.09
8.05
8.9
12.63
12.63
6.54
6.54
6.54
6.54
6.54
6.54
6.54
6.54
6.54
6.54
6.54
6.54
6.54
6.54
6.54
6.54
6.54
6.54
6.54
6.54
6.54
6.54
6.54
6.54
6.54
6.54
6.54
6.54
6.54
6.54
6.54
6.54
6.54
6.54
6.54
8.55
8.55
8.55
8.55
8.55
8.55
8.55
8.55
8.55
8.55
8.55
8.55
8.55
8.55
8.55
8.55
8.55
8.55
8.55
8.55
8.55
8.55
8.55
8.55
8.55
8.55
8.55
8.55
8.55
8.55
8.55
8.55
8.55
8.55
10.46
10.46
10.46
10.46
10.46
10.46
10.46
10.46
10.46
10.46
10.46
10.46
10.46
10.46
10.46
10.46
10.46
10.46
10.46
10.46
10.46
10.46
10.46
10.46
10.46
10.46
10.46
10.46
10.46
10.46
10.28
10.28
10.28
10.28
10.28
10.28
10.28
10.28
10.28
10.28
10.28
10.28
10.28
10.28
10.28
10.28
10.28
10.28
10.28
10.28
10.28
10.28
10.28
10.28
10.28
10.28
10.28
10.28
10.28
10.28
10.28
10.28
9.12
9.12
9.12
9.12
9.12
9.12
9.12
9.12
9.12
9.12
9.12
9.12
9.12
9.12
9.12
9.12
9.12
9.12
9.12
9.12
9.12
9.12
9.12
9.12
9.12
9.12
9.12
9.12
10.93
10.93
10.93
10.93
10.93
10.93
10.93
10.93
10.93
10.93
10.93
10.93
10.93
10.93
10.93
10.93
10.93
10.93
10.93
10.93
10.93
10.93
10.93
10.93
10.93
10.93
10.93
10.93
10.93
10.93
10.93
10.93
10.93
10.93
10.93
10.93
10.93
10.93
10.93
10.93
10.93
12.14
12.14
12.14
12.14
12.14
12.14
12.14
12.14
12.14
12.14
12.14
12.14
12.14
12.14
12.14
12.14
12.14
12.14
12.14
10.84
10.84
10.84
10.84
10.84
10.84
10.84
10.84
10.84
10.84
10.84
10.84
10.84
10.84
10.84
10.84
10.84
10.84
10.84
10.84
10.84
10.84
10.84
10.84
10.84
10.84
12.4
12.4
12.4
12.4
12.4
12.4
12.4
12.4
12.4
12.4
12.4
12.4
12.4
12.4
12.4
12.4
12.4
12.4
12.4
12.4
12.4
12.4
12.4
12.4
12.4
12.4
9.28
9.28
9.28
9.28
9.28
9.28
9.28
9.28
9.28
9.28
9.28
9.28
9.28
9.28
9.28
9.28
9.28
9.28
9.28
9.28
9.28
9.28
9.28
12.73
12.73
12.73
12.73
12.73
12.73
12.73
12.73
12.73
12.73
12.73
12.73
12.73
12.73
12.73
12.73
12.73
12.73
12.73
12.73
12.73
12.73
12.73
12.73
12.73
9.79
9.79
9.79
9.79
9.79
9.79
9.79
9.79
9.79
9.79
9.79
9.79
9.79
9.79
9.79
9.79
9.79
9.79
9.79
9.79
9.79
9.79
11.2
11.2
11.2
11.2
11.2
11.2
11.2
11.2
11.2
11.2
11.2
11.2
11.2
11.2
11.2
11.2
11.2
11.2
11.2
11.2
11.2
6.92
6.92
6.92
6.92
6.92
6.92
6.92
6.92
6.92
6.92
6.92
6.92
6.92
6.92
6.92
6.92
6.92
6.92
6.92
6.92
6.92
7.69
7.69
7.69
7.69
7.69
7.69
7.69
7.69
7.69
7.69
7.69
7.69
7.69
7.69
7.69
7.69
7.69
10.24
10.24
10.24
10.24
10.24
10.24
10.24
10.24
10.24
10.24
10.24
10.24
10.24
10.24
10.24
10.24
10.24
12.02
12.02
12.02
12.02
11.41
11.41
11.41
11.41
11.41
11.41
11.41
11.41
11.41
11.41
11.41
11.41
11.41
9.0
9.0
9.0
9.0
9.0
9.0
9.0
9.0
9.0
9.0
9.0
10.66
10.66
10.66
10.66
10.66
10.66
10.66
10.66
10.66
10.66
10.66
10.66
5.2
5.2
5.2
5.2
5.2
11.13
11.13
11.13
11.13
11.13
11.13
11.13
11.13
11.13
11.13
10.62
10.62
10.62
10.62
10.62
7.79
7.79
7.79
7.79
7.79
7.79
7.79
7.79
7.79
7.79
11.55
11.55
11.55
11.55
11.55
11.55
11.55
11.55
11.55
11.55
10.94
10.94
10.94
10.94
10.94
10.94
10.94
10.94
10.94
10.94
10.94
10.94
10.94
10.78
10.78
10.78
10.78
10.78
10.78
10.78
10.78
10.78
10.78
10.78
10.78
10.78
13.77
13.77
13.77
13.77
13.77
13.77
13.77
13.77
13.77
13.77
13.77
13.77
13.77
13.77
13.77
12.9
12.9
12.9
12.9
12.9
12.9
12.9
12.9
12.9
12.9
12.9
12.9
13.84
13.84
13.84
13.84
13.84
13.84
12.86
12.86
12.86
12.86
12.86
12.86
12.86
12.86
12.16
12.16
12.16
12.16
12.16
12.16
12.16
12.16
12.16
12.16
12.16
12.16
12.16
7.96
7.96
7.96
7.96
7.96
7.96
7.96
13.08
13.08
13.08
13.08
13.08
13.08
13.08
9.54
9.54
9.54
9.54
9.54
9.54
9.54
9.54
9.54
9.25
9.25
9.25
9.25
9.25
9.25
9.25
9.25
9.25
11.53
11.53
11.53
11.53
11.53
11.53
11.53
11.88
11.88
11.88
11.88
11.88
11.88
8.76
8.76
8.76
8.76
8.76
8.76
11.94
11.94
11.94
11.94
11.94
11.94
11.94
11.94
11.94
11.94
11.94
11.94
11.94
9.1
9.1
9.1
9.1
9.1
9.1
9.1
9.1
9.1
9.1
11.93
11.93
11.93
11.93
11.93
11.78
11.78
11.78
11.78
12.43
12.43
12.43
12.43
12.43
12.43
12.43
12.86
12.86
12.86
12.86
12.86
12.86
12.86
11.85
11.85
11.85
11.85
11.85
9.44
9.44
9.44
9.44
9.44
9.44
9.44
9.44
9.44
11.52
11.52
11.52
11.52
11.52
11.52
11.52
11.52
11.52
11.52
11.52
9.7
9.7
9.7
9.7
9.7
9.7
10.83
10.83
10.83
10.83
10.83
10.83
10.83
10.83
10.83
10.83
10.83
12.88
12.88
12.88
12.88
12.88
12.88
12.88
12.88
12.88
12.88
8.02
8.02
8.02
8.02
8.02
8.02
8.02
8.02
8.02
8.02
8.02
8.02
8.02
8.02
12.93
12.93
12.93
12.93
12.93
12.93
12.93
12.6
12.6
12.6
12.6
12.6
12.6
12.6
12.6
12.6
8.79
8.79
8.79
8.79
8.79
8.79
8.79
8.79
8.79
12.72
12.72
12.72
12.72
12.72
12.72
12.72
12.72
12.72
12.72
12.72
13.06
13.06
13.06
13.06
13.06
13.06
13.06
13.06
10.27
10.27
10.27
10.27
10.27
11.72
11.72
11.72
11.72
11.72
11.72
11.72
11.72
11.72
11.72
11.72
11.93
11.93
11.93
11.93
11.93
10.28
10.28
10.74
10.74
10.74
13.69
13.69
13.69
11.71
10.52
10.52
7.85
7.85
8.31
8.31
11.32
8.84
8.84
8.84
8.84
7.07
7.07
8.2
11.22
11.22
11.22
8.2
9.76
9.76
9.76
9.76
10.98
10.98
10.98
10.98
12.17
12.17
12.07
12.07
12.07
6.05
9.14
9.14
9.14
9.14
9.14
11.68
11.68
11.98
11.98
8.46
11.72
11.72
11.72
11.72
11.72
12.35
12.35
12.35
12.35
8.39
8.39
12.85
12.85
12.85
7.51
7.15
12.28
12.28
12.28
7.51
7.51
7.51
6.51
6.51
6.51
6.51
8.4
8.4
8.4
8.28
8.28
7.51
7.51
11.14
11.14
11.81
9.5
12.4
11.87
11.87
11.87
12.63
11.81
11.81
11.81
12.72
11.14
11.14
9.71
9.71
9.71
9.71
9.71
9.71
8.79
8.79
8.58
8.58
11.87
11.87
12.65
12.65
12.65
12.73
12.73
12.22
12.22
9.31
7.58
7.58
7.58
7.58
10.08
10.0
9.54
7.58
7.58
12.2
12.2
8.6
8.6
8.6
12.27
12.27
11.48
11.48
11.48
11.48
13.04
13.04
13.04
12.99
12.99
12.99
12.3
12.3
12.3
7.86
12.64
7.86
7.86
13.03
10.06
10.06
9.28
9.28
9.19
7.2
7.2
7.14
7.14
7.14
7.14
7.14
9.4
9.4
9.4
10.09
9.06
10.13
9.06
8.66
10.31
7.99
7.99
7.99
7.99
8.66
8.66
11.33
11.33
11.33
9.17
9.17
9.68
9.68
9.99
9.99
9.99
10.17
6.79
6.79
6.79
11.55
12.86
12.86
12.86
12.86
12.86
12.86
12.86
12.86
12.86
12.86
12.86
12.86
12.86
12.86
12.86
12.86
12.86
12.86
12.86
12.86
12.86
12.86
12.86
12.86
12.86
12.86
12.86
12.86
12.86
12.86
12.86
12.86
12.86
12.86
12.86
12.86
12.86
12.86
12.86
12.86
12.86
12.86
12.86
12.86
12.86
12.86
12.86
12.86
12.86
12.86
12.86
12.86
12.86
12.86
12.86
12.86
12.86
12.86
12.86
12.86
12.86
12.86
12.86
12.86
12.86
12.86
12.86
12.86
12.86
12.86
12.86
12.86
12.86
12.86
12.86
12.86
12.86
12.86
12.86
12.86
12.86
12.86
12.86
12.86
12.86
12.86
12.86
12.86
12.86
12.86
12.86
12.86
12.86
12.86
12.86
12.86
12.86
12.86
12.86
12.86
12.86
12.86
12.86
12.86
12.86
12.86
12.86
12.86
12.86
12.86
12.86
12.86
12.86
12.86
12.86
12.86
12.86
12.86
12.86
12.86
12.86
12.86
12.86
12.86
12.86
12.86
12.86
12.86
12.86
12.86
12.86
12.86
12.86
12.86
12.86
12.86
12.86
12.86
12.86
12.86
12.86
12.86
12.86
12.86
12.86
12.86
12.86
12.86
12.86
12.86
12.86
12.86
12.86
12.86
12.86
12.86
12.86
12.86
12.86
12.86
12.86
12.86
12.86
12.86
12.86
12.86
12.86
12.86
12.86
12.86
12.86
12.86
12.86
12.86
12.86
12.86
12.86
12.86
12.86
12.86
12.86
12.86
12.86
12.86
12.86
12.86
12.86
12.86
12.86
12.86
12.86
12.86
12.86
12.86
12.86
12.86
12.86
12.86
12.86
12.86
10.13
10.13
11.51
11.51
10.4
12.4
12.4
12.4
9.55
9.55
10.07
11.57
11.46
11.21
10.28
10.72
10.72
10.0
12.19
11.13
11.24
11.24
8.05
8.46
12.06
9.95
9.95
10.34
10.34
9.02
10.99
10.99
10.99
10.99
11.54
11.54
11.54
11.54
11.24
10.47
7.63
7.63
9.14
9.14
11.13
11.13
11.13
9.91
9.91
9.91
9.91
11.14
12.3
12.12
12.12
12.12
7.97
7.97
12.43
12.43
7.92
7.92
7.69
7.69
8.23
12.64
12.64
12.42
12.35
12.35
12.35
13.04
12.28
11.86
11.86
11.86
10.93
10.93
8.24
8.24
12.48
15.1
13.23
13.6
13.6
11.03
11.96
11.96
10.24
10.24
10.24
13.1
12.14
12.14
12.46
12.46
13.82
13.82
8.13
8.13
12.04
12.04
12.04
11.27
11.27
12.57
12.57
12.57
12.36
12.36
12.36
12.36
9.82
9.82
13.18
13.18
8.53
8.53
8.53
9.44
9.44
13.16
13.16
13.16
13.16
13.14
13.14
13.14
9.07
11.72
12.37
12.37
11.86
11.86
11.96
11.96
12.07
8.7
8.7
11.76
11.76
7.6
7.6
7.33
8.54
9.72
9.72
8.54
8.54
13.2
13.06
13.06
12.39
12.39
12.39
8.51
8.93
9.74
6.88
6.88
11.7
13.87
13.87
8.04
8.04
9.17
13.36
13.36
11.16
11.16
11.16
11.16
10.24
13.11
13.11
13.11
9.57
9.57
6.9
7.27
7.27
7.27
7.27
7.27
8.44
9.73
9.47
9.47
7.65
7.65
7.76
11.6
10.27
10.27
7.76
10.15
10.12
12.73
12.73
12.73
12.89
12.89
12.89
12.89
12.89
12.89
12.89
12.89
12.89
12.89
12.89
12.89
12.89
12.89
12.89
12.89
12.89
12.89
12.89
12.89
12.89
12.89
12.89
12.89
12.89
12.89
12.89
12.89
12.89
12.89
12.89
12.89
12.89
12.89
12.89
12.89
12.89
12.89
12.89
12.89
12.89
12.89
12.89
12.89
12.89
12.89
12.89
12.89
12.89
12.89
12.89
12.89
12.89
12.89
12.89
12.89
12.89
12.89
12.89
12.89
12.89
12.89
12.89
12.89
12.62
12.62
12.62
12.62
12.62
12.62
12.62
12.62
12.62
12.62
12.62
12.62
12.62
12.62
12.62
12.62
12.62
12.62
12.62
12.62
12.62
12.62
12.62
12.62
12.62
12.62
12.62
12.62
12.62
12.62
12.62
12.62
12.62
12.62
12.62
12.62
12.62
12.62
12.62
12.62
12.62
12.62
12.62
12.62
12.62
12.62
12.62
12.62
12.62
12.62
12.62
12.62
12.62
12.62
12.62
12.62
12.62
12.62
12.62
12.62
12.62
12.62
12.62
12.62
12.62
12.62
12.62
12.62
12.62
12.62
12.62
12.62
12.62
13.25
13.25
13.25
13.25
13.25
13.25
13.25
13.25
13.25
13.25
13.25
13.25
13.25
13.25
13.25
13.25
13.25
13.25
13.25
13.25
13.25
13.25
13.25
13.25
13.25
13.25
13.25
13.25
13.25
13.25
13.25
13.25
13.25
13.25
13.25
13.25
13.25
13.25
13.25
13.25
13.25
13.25
13.25
13.25
13.25
13.25
13.25
13.25
13.25
13.25
13.25
13.25
13.25
13.25
13.25
13.25
13.25
13.25
13.25
13.25
13.25
13.25
13.25
14.05
14.05
14.05
14.05
14.05
14.05
14.05
14.05
14.05
14.05
14.05
14.05
14.05
14.05
14.05
14.05
14.05
14.05
14.05
13.0
13.0
13.0
13.0
13.0
13.0
13.0
13.0
13.0
13.0
13.0
13.0
13.0
13.0
13.0
13.0
13.0
13.0
13.0
13.0
13.0
13.0
13.0
13.0
13.0
5.9
5.9
5.9
5.9
5.9
5.9
5.9
5.9
5.9
5.9
5.9
5.9
5.9
5.9
5.9
5.9
5.9
5.9
5.9
5.9
5.9
5.9
5.9
5.9
5.9
5.9
5.9
5.9
5.9
5.9
5.9
5.9
5.9
5.9
5.9
14.02
14.02
14.02
14.02
14.02
14.02
14.02
14.02
14.02
14.02
14.02
14.02
14.02
14.02
14.02
14.02
14.02
12.89
12.89
12.89
12.89
12.89
12.89
12.89
12.89
12.89
12.89
12.89
12.89
12.89
12.89
12.89
12.89
12.89
12.89
12.89
12.89
12.89
12.89
12.89
12.89
12.89
13.73
13.73
13.73
13.73
13.73
13.73
13.73
13.73
13.73
13.73
13.73
13.73
13.73
13.73
13.73
13.73
13.73
13.73
13.73
13.73
13.73
13.73
13.73
13.73
13.73
13.73
13.55
13.55
13.55
13.55
13.55
13.55
13.55
13.55
13.55
13.55
13.55
13.55
13.55
13.55
13.55
13.55
13.55
13.55
13.55
13.55
13.55
13.55
13.55
13.55
13.55
13.55
12.97
12.97
12.97
12.97
12.97
12.97
12.97
12.97
12.97
12.97
12.97
12.97
12.97
12.97
12.97
12.97
12.97
12.97
12.97
12.97
12.97
12.97
12.97
12.97
12.97
12.97
12.97
13.27
12.89
13.44
13.92
13.66
12.55
13.19
12.9
12.31
13.19
12.2
12.79
12.46
12.35
13.08
13.81
14.88
13.92
12.69
14.1
13.46
13.21
12.1
12.69
12.53
12.68
11.77
11.61
12.5
13.54
11.65
12.17
13.38
15.08
12.66
13.58
13.45
13.36
13.14
12.78
13.76
11.71
12.4
13.03
12.91
12.15
11.91
13.02
13.43
12.36
13.92
13.65
13.74
13.07
12.69
12.67
13.46
12.85
12.24
13.81
12.27
13.77
12.44
13.2
12.97
12.88
13.42
13.38
13.18
12.8
12.72
12.86
12.62
12.48
11.75
12.39
13.06
13.36
12.47
12.84
12.63
12.05
12.69
11.77
13.36
12.95
13.7
11.73
12.53
13.99
12.71
13.33
14.07
13.26
13.14
11.97
13.01
11.22
11.53
13.51
13.72
14.29
13.59
12.64
13.51
12.64
13.23
13.26
12.57
12.84
13.74
11.69
12.82
12.98
13.74
13.04
12.55
13.2
13.94
13.29
13.89
13.47
13.51
14.31
13.05
12.7
13.41
12.96
13.53
12.87
12.56
12.78
13.8
12.73
13.07
12.01
12.97
13.16
13.8
13.99
13.01
12.66
13.74
13.51
13.3
12.23
14.44
13.51
12.79
12.81
12.21
14.05
12.92
13.34
13.21
13.58
12.71
12.93
12.1
12.21
12.53
12.85
12.19
12.04
13.98
12.29
14.6
11.75
13.15
14.7
12.94
13.71
13.02
12.27
12.86
13.77
12.89
12.35
12.13
12.71
12.72
14.35
13.34
13.2
14.3
13.21
12.93
12.91
12.71
13.19
13.7
13.22
12.92
12.51
12.99
12.85
12.77
12.93
13.23
13.33
13.21
13.21
13.21
13.21
13.21
11.21
11.21
11.21
12.68
12.68
12.68
12.68
12.19
12.19
12.19
12.19
12.54
12.54
12.54
12.54
12.54
12.54
12.54
13.08
13.08
13.08
13.08
13.08
12.73
12.73
12.73
13.69
13.69
13.69
13.69
13.69
12.48
12.48
12.48
12.48
12.48
12.48
12.48
12.77
12.77
12.77
13.51
13.51
13.51
13.51
13.51
13.07
13.07
13.07
13.07
12.97
12.97
12.97
12.97
12.97
12.97
12.22
12.22
12.22
12.22
12.81
12.81
12.81
12.32
12.32
12.32
12.32
12.32
12.32
12.32
12.32
12.32
12.32
12.32
12.32
12.99
12.99
12.99
12.31
12.31
12.31
12.31
12.31
12.31
12.31
12.68
12.68
12.68
13.21
13.21
13.21
13.21
12.47
12.47
12.47
12.47
13.97
13.97
13.97
12.5
12.5
12.5
12.5
14.15
14.15
12.24
12.24
12.24
12.24
12.24
12.69
12.69
12.69
12.69
12.97
12.97
12.97
12.97
12.97
12.97
12.97
13.6
13.6
13.6
13.39
13.39
13.39
13.39
13.39
13.39
13.39
13.39
3.29
12.99
12.99
12.99
12.73
12.73
12.73
12.73
12.73
12.73
12.73
13.87
13.87
13.87
13.87
13.87
13.87
13.87
13.16
13.16
13.16
13.64
13.64
13.64
13.64
13.64
13.64
13.64
13.64
13.51
13.51
13.51
13.51
14.07
14.07
14.07
14.07
13.42
13.42
13.42
13.42
3.29
3.29
3.29
13.9
13.9
13.9
13.9
12.78
12.78
12.78
12.7
12.7
12.7
12.7
12.7
13.82
13.82
13.82
13.82
13.82
13.82
13.82
15.8
15.8
15.8
15.8
15.8
15.8
15.8
15.8
15.8
15.8
15.8
15.8
15.8
15.8
15.8
15.8
15.8
15.8
15.8
15.8
15.8
15.8
15.8
15.8
15.8
15.8
15.8
15.8
15.8
15.8
15.8
15.8
15.8
15.8
15.8
15.8
15.8
15.8
15.8
15.8
15.8
15.8
15.8
15.8
15.8
15.8
15.8
15.8
15.8
15.8
15.8
15.8
15.8
15.8
15.8
15.8
15.8
15.8
15.8
15.8
15.8
15.8
15.8
15.8
15.8
15.8
15.8
15.8
15.8
15.8
15.8
15.8
15.8
15.8
15.8
15.8
15.8
15.8
15.8
15.8
15.8
15.8
15.8
15.8
15.8
15.8
15.8
15.8
15.8
15.8
15.8
15.8
15.8
12.97
12.97
12.97
12.97
12.97
12.97
12.97
12.97
12.97
12.97
12.97
12.97
12.97
12.97
12.97
12.97
12.97
12.97
12.97
12.97
12.97
12.97
12.97
12.97
12.97
12.97
12.97
12.97
12.97
12.97
12.97
12.97
12.97
12.97
12.97
12.97
12.97
12.97
12.97
12.97
12.97
12.97
12.97
12.97
12.97
12.97
12.97
12.97
12.97
12.97
12.97
12.97
12.97
12.97
12.97
12.97
12.97
12.97
12.97
12.97
12.97
12.97
12.97
12.97
12.97
12.97
12.97
12.97
12.97
12.97
12.97
12.97
12.97
12.97
12.97
12.97
12.97
12.97
12.97
12.97
12.97
12.97
12.97
12.97
12.97
12.97
12.97
12.97
12.97
12.97
12.97
12.97
12.97
12.97
12.97
12.97
12.97
12.97
12.97
12.97
12.97
12.97
12.97
12.97
12.97
12.97
12.97
11.44
11.44
11.44
11.44
11.44
11.44
11.44
11.44
11.44
11.44
11.44
11.44
11.44
11.44
11.44
11.44
11.44
11.44
11.44
11.44
11.44
11.44
11.44
11.44
11.16
11.16
11.16
11.16
11.16
11.16
11.16
11.16
11.16
11.16
11.16
11.16
11.16
11.16
11.16
11.16
11.16
11.16
11.16
11.16
11.16
10.63
10.63
10.63
10.63
10.63
10.63
10.63
10.63
10.63
10.63
10.63
10.63
10.63
10.63
10.63
10.63
10.63
10.63
10.63
10.63
10.63
10.63
10.63
9.73
9.73
9.73
9.73
9.73
9.73
9.73
9.73
9.73
9.73
9.73
9.73
9.73
9.73
9.73
9.73
9.73
9.73
9.73
9.73
8.53
8.53
8.53
8.53
8.53
8.53
8.53
8.53
8.53
8.53
8.53
8.53
8.53
8.53
8.53
8.53
8.53
8.53
8.53
8.53
12.28
12.28
12.28
12.28
12.28
12.28
12.28
12.28
12.28
12.28
12.28
12.28
12.28
12.28
12.28
12.28
12.28
12.28
12.28
12.28
8.54
8.54
8.54
8.54
8.54
8.54
8.54
8.54
8.54
8.54
8.54
8.54
8.54
8.54
8.54
8.54
8.54
8.54
8.54
8.54
8.54
8.54
11.98
11.98
11.98
11.98
11.98
11.98
11.98
11.98
11.98
11.98
11.98
11.98
11.98
11.98
11.98
11.98
11.98
11.98
11.98
11.98
11.98
11.98
11.98
11.98
11.98
11.98
11.98
10.82
10.82
10.82
10.82
10.82
10.82
10.82
10.82
10.82
10.82
10.82
10.82
10.82
10.82
10.82
10.82
10.82
10.82
10.82
10.82
10.82
10.82
10.82
