5.228
5.228
5.228
5.228
5.228
5.228
5.228
3.495
3.495
3.495
3.495
3.495
3.495
3.495
7.033
7.033
7.033
7.033
7.033
7.033
7.033
49.976
49.976
49.976
49.976
49.976
49.976
49.976
10.712
10.712
10.712
10.712
10.712
10.712
10.712
10.712
10.712
4.851
4.851
4.851
4.851
4.851
4.851
4.851
4.851
8.831
8.831
8.831
8.831
8.831
8.831
8.831
8.831
8.831
8.831
8.831
35.215
35.215
35.215
35.215
35.215
35.215
35.215
35.215
35.215
35.215
7.335
7.335
7.335
7.335
7.335
7.335
7.335
7.335
7.335
7.335
7.335
7.335
7.335
165.04
165.04
165.04
165.04
165.04
165.04
165.04
165.04
165.04
165.04
165.04
165.04
165.04
165.04
7.835
7.835
7.835
7.835
7.835
7.835
7.835
10.323
10.323
10.323
10.323
10.323
10.323
10.323
10.323
10.323
10.323
10.323
10.323
6.127
6.127
6.127
24.573481975084775
24.88756126038803
27.542282801871167
23.922832232028153
26.15483599754376
27.361558337255506
26.53873497958286
27.245230464572206
23.789108330742213
25.937533500061207
49.733
49.733
49.733
49.733
49.733
49.733
49.733
49.733
49.733
49.733
15.907
15.907
15.907
15.907
15.907
15.907
3.863
3.863
3.863
3.863
3.863
3.863
3.863
3.863
3.863
3.322
3.322
3.322
3.322
3.322
3.322
3.322
3.322
3.453
3.453
3.453
3.453
3.453
7.98
7.98
7.98
7.98
7.98
7.98
7.98
7.98
7.98
7.98
7.98
7.98
2.279
2.279
2.279
2.279
2.279
2.279
7.62
7.62
7.62
7.62
7.62
7.62
7.62
7.62
7.62
38.83
38.83
38.83
38.83
38.83
38.83
33.394
33.394
33.394
33.394
22.477
22.477
22.477
22.477
22.477
22.477
22.477
22.477
22.477
22.477
22.477
22.477
22.477
22.477
22.477
22.477
22.477
22.477
22.477
22.477
22.477
22.477
512.588
10.477
10.477
10.477
10.477
10.477
10.477
10.477
10.477
10.477
10.477
10.477
10.477
10.477
10.477
10.477
10.477
10.477
10.477
10.477
10.477
10.477
10.477
10.477
10.477
10.477
10.477
10.477
10.477
10.477
10.477
10.477
10.477
10.477
10.477
10.477
10.477
10.477
10.477
10.477
53.0
53.0
53.0
53.0
53.0
53.0
53.0
53.0
53.0
53.0
53.0
53.0
53.0
53.0
53.0
53.0
53.0
53.0
53.0
53.0
53.0
53.0
53.0
53.0
53.0
53.0
53.0
53.0
53.0
53.0
53.0
53.0
53.0
53.0
53.0
53.0
53.0
53.0
53.0
512.588
512.588
512.588
512.588
512.588
512.588
512.588
512.588
512.588
512.588
512.588
512.588
512.588
512.588
512.588
512.588
512.588
512.588
512.588
512.588
512.588
512.588
512.588
512.588
512.588
512.588
512.588
512.588
512.588
512.588
512.588
512.588
46.0
46.0
46.0
46.0
46.0
46.0
46.0
46.0
46.0
46.0
46.0
46.0
46.0
46.0
46.0
46.0
46.0
46.0
46.0
46.0
46.0
46.0
46.0
46.0
46.0
46.0
46.0
46.0
46.0
46.0
46.0
46.0
46.0
46.0
46.0
46.0
46.0
46.0
12.257
12.257
12.257
12.257
12.257
12.257
12.257
12.257
12.257
12.257
12.257
12.257
12.257
12.257
12.257
12.257
12.257
12.257
12.257
12.257
12.257
12.257
12.257
12.257
12.257
12.257
12.257
12.257
12.257
939.4
428.923
91.494
38.012
77.358
91.744
91.744
59.886
46.966
163.755
20.121
168.402
84.0
27.327
16.001
62.588
41.0
48.661
30.081
163.0
28.936
33.748
33.748
60.962
53.0
36.892
119.642
15.128
23.775
136.374
14.84
26.547
26.808
29.1
24.183
69.119
100.691
173.0
37.212
18.961
11.576
97.909
30.608
25.085
114.16
16.648
52.84
160.598
92.309
13.663
29.712
19.683
3.7
91.7
91.7
69.963
16.4
83.739
83.739
24.598
29.388
25.988
13.024
14.954
38.033
208.519
13.5
21.717
17.736
17.736
14.157
19.249
19.249
34.487
188.589
27.163
27.163
8.892
101.73
9.576
16.916
33.0
16.718
67.449
5.747
6.12
14.214
9.847
29.541
63.319
14.345
17.052
268.0
21.56
84.383
18.033
6.715
18.362
97.919
24.838
18.453
13.843
13.843
14.584
135.0
32.438
20.063
20.063
84.419
8.942
17.675
170.133
14.755
201.61
87.55
109.837
109.837
11.796
5.74
19.674
51.985
89.879
98.727
19.898
17.16
62.569
14.017
6.155
24.652
8.427
15.258
15.258
157.568
157.568
7.541
187.6
15.806
27.948
14.539
136.252
8.668
99.081
69.608
20.595
11.109
9.854
16.509
13.168
17.14
16.64
13.541
21.496
21.496
317.049
17.9
13.95
10.113
9.15
12.269
16.0
28.526
24.085
16.91
5.987
68.441
64.621
166.306
12.271
12.781
14.803
62.588
15.978
15.089
46.087
12.532
100.698
10.947
171.0
106.023
13.241
62.633
62.633
79.123
83.078
12.701
117.875
23.188
83.173
50.832
13.468
50.832
43.114
81.541
81.327
47.081
82.878
82.878
32.096
159.0
65.527
15.07
15.07
15.07
15.07
15.07
15.07
15.07
15.07
15.07
15.07
15.07
15.07
15.07
15.07
15.07
15.07
15.07
15.07
15.07
15.07
15.07
15.07
15.07
15.07
15.07
15.07
15.07
15.07
15.07
15.07
15.07
15.07
15.07
15.07
15.07
15.07
15.07
15.07
15.07
15.07
15.07
15.07
15.07
15.07
15.07
15.07
15.07
15.07
15.07
15.07
15.07
15.07
15.07
15.07
15.07
15.07
15.07
15.07
15.07
15.07
15.07
15.07
15.07
15.07
15.07
15.07
15.07
15.07
15.07
15.07
15.07
15.07
15.07
15.07
15.07
15.07
15.07
15.07
15.07
15.07
15.07
15.07
15.07
15.07
15.07
15.07
15.07
15.07
15.07
15.07
15.07
15.07
15.07
15.07
15.07
15.07
15.07
15.07
15.07
15.07
15.07
15.07
15.07
15.07
15.07
15.07
15.07
15.07
15.07
15.07
15.07
15.07
15.07
15.07
15.07
15.07
15.07
15.07
15.07
15.07
15.07
15.07
15.07
15.07
15.07
15.07
15.07
15.07
15.07
15.07
15.07
15.07
15.07
15.07
15.07
15.07
15.07
15.07
15.07
15.07
15.07
15.07
15.07
15.07
15.07
15.07
15.07
15.07
15.07
15.07
15.07
15.07
15.07
15.07
15.07
15.07
15.07
15.07
15.07
15.07
15.07
15.07
15.07
15.07
15.07
15.07
15.07
15.07
15.07
15.07
15.07
15.07
15.07
15.07
15.07
15.07
15.07
15.07
15.07
15.07
15.07
15.07
15.07
15.07
15.07
15.07
15.07
15.07
15.07
15.07
15.07
15.07
15.07
15.07
15.07
15.07
15.07
15.07
15.07
15.07
41.9
133.0
54.657
105.048
150.094
254.0
75.748
78.665
132.055
62.88
38.162
62.88
55.2
55.2
196.0
196.0
68.131
122.381
122.381
122.381
202.248
199.0
116.504
29.513
10.683
22.333
22.333
138.58
16.161
141.0
144.0
131.0
19.962
19.962
193.856
193.856
96.378
122.049
40.359
91.604
91.604
91.604
70.097
150.047
150.047
26.982
26.982
110.254
73.075
73.075
23.556
22.789
23.3
141.0
211.0
33.515
164.618
77.643
129.545
35.304
65.653
218.0
53.309
6.647
149.925
23.086
40.104
146.454
93.083
169.851
169.851
76.745
76.745
15.692
105.679
19.895
27.413
50.643
12.817
101.0
15.481
23.372
20.601
27.352
77.044
107.462
54.249
100.787
100.787
24.61
16.921
7.03
7.03
89.889
89.889
14.045
11.056
16.769
78.64
34.7
11.591
90.317
17.087
17.087
99.175
19.746
42.803
167.0
56.905
122.874
44.221
44.221
44.221
32.285
122.011
9.617
187.871
118.0
24.242
79.949
13.247
13.247
21.263
11.145
68.661
17.868
11.227
56.468
56.468
6.42
6.42
215.134
87.774
215.134
144.705
130.553
130.553
130.553
99.5
96.584
144.705
144.705
93.624
17.285
93.624
93.624
147.0
13.694
16.487
143.0
143.0
9.922
7.37
96.086
83.091
96.086
17.135
81.064
9.735
10.871
15.148
18.43
73.199
22.195
73.199
11.213
131.516
15.135
77.339
111.425
13.298
13.298
14.023
50.094
50.094
13.724
103.47
44.962
134.339
134.68
47.1
47.1
47.1
134.68
30.23
30.23
75.01
165.0
28.245
28.245
28.245
47.55
111.327
36.822
36.822
52.649
131.457
94.492
19.688
19.688
247.683
247.683
247.683
247.683
247.683
247.683
247.683
247.683
247.683
247.683
247.683
247.683
247.683
247.683
247.683
247.683
247.683
247.683
247.683
247.683
247.683
247.683
247.683
247.683
247.683
247.683
247.683
247.683
247.683
247.683
247.683
247.683
247.683
247.683
247.683
65.993
65.993
65.993
65.993
65.993
65.993
65.993
65.993
65.993
65.993
65.993
65.993
65.993
65.993
65.993
65.993
65.993
65.993
65.993
65.993
65.993
65.993
65.993
65.993
65.993
65.993
65.993
65.993
65.993
65.993
65.993
65.993
65.993
65.993
47.71
47.71
47.71
47.71
47.71
47.71
47.71
47.71
47.71
47.71
47.71
47.71
47.71
47.71
47.71
47.71
47.71
47.71
47.71
47.71
47.71
47.71
47.71
47.71
47.71
47.71
47.71
47.71
47.71
47.71
50.994
50.994
50.994
50.994
50.994
50.994
50.994
50.994
50.994
50.994
50.994
50.994
50.994
50.994
50.994
50.994
50.994
50.994
50.994
50.994
50.994
50.994
50.994
50.994
50.994
50.994
50.994
50.994
50.994
50.994
50.994
50.994
61.495
61.495
61.495
61.495
61.495
61.495
61.495
61.495
61.495
61.495
61.495
61.495
61.495
61.495
61.495
61.495
61.495
61.495
61.495
61.495
61.495
61.495
61.495
61.495
61.495
61.495
61.495
61.495
37.525
37.525
37.525
37.525
37.525
37.525
37.525
37.525
37.525
37.525
37.525
37.525
37.525
37.525
37.525
37.525
37.525
37.525
37.525
37.525
37.525
37.525
37.525
37.525
37.525
37.525
37.525
37.525
37.525
37.525
37.525
37.525
37.525
37.525
37.525
37.525
37.525
37.525
37.525
37.525
37.525
7.0
7.0
7.0
7.0
7.0
7.0
7.0
7.0
7.0
7.0
7.0
7.0
7.0
7.0
7.0
7.0
7.0
7.0
7.0
11.906
11.906
11.906
11.906
11.906
11.906
11.906
11.906
11.906
11.906
11.906
11.906
11.906
11.906
11.906
11.906
11.906
11.906
11.906
11.906
11.906
11.906
11.906
11.906
11.906
11.906
5.571
5.571
5.571
5.571
5.571
5.571
5.571
5.571
5.571
5.571
5.571
5.571
5.571
5.571
5.571
5.571
5.571
5.571
5.571
5.571
5.571
5.571
5.571
5.571
5.571
5.571
25.362
25.362
25.362
25.362
25.362
25.362
25.362
25.362
25.362
25.362
25.362
25.362
25.362
25.362
25.362
25.362
25.362
25.362
25.362
25.362
25.362
25.362
25.362
5.047
5.047
5.047
5.047
5.047
5.047
5.047
5.047
5.047
5.047
5.047
5.047
5.047
5.047
5.047
5.047
5.047
5.047
5.047
5.047
5.047
5.047
5.047
5.047
5.047
18.363
18.363
18.363
18.363
18.363
18.363
18.363
18.363
18.363
18.363
18.363
18.363
18.363
18.363
18.363
18.363
18.363
18.363
18.363
18.363
18.363
18.363
9.692
9.692
9.692
9.692
9.692
9.692
9.692
9.692
9.692
9.692
9.692
9.692
9.692
9.692
9.692
9.692
9.692
9.692
9.692
9.692
9.692
79.0
79.0
79.0
79.0
79.0
79.0
79.0
79.0
79.0
79.0
79.0
79.0
79.0
79.0
79.0
79.0
79.0
79.0
79.0
79.0
79.0
46.33
46.33
46.33
46.33
46.33
46.33
46.33
46.33
46.33
46.33
46.33
46.33
46.33
46.33
46.33
46.33
46.33
28.527
28.527
28.527
28.527
28.527
28.527
28.527
28.527
28.527
28.527
28.527
28.527
28.527
28.527
28.527
28.527
28.527
13.788
13.788
13.788
13.788
22.583
22.583
22.583
22.583
22.583
22.583
22.583
22.583
22.583
22.583
22.583
22.583
22.583
45.816
45.816
45.816
45.816
45.816
45.816
45.816
45.816
45.816
45.816
45.816
45.634
45.634
45.634
45.634
45.634
45.634
45.634
45.634
45.634
45.634
45.634
45.634
271.324
271.324
271.324
271.324
271.324
23.1
23.1
23.1
23.1
23.1
23.1
23.1
23.1
23.1
23.1
29.33
29.33
29.33
29.33
29.33
85.701
85.701
85.701
85.701
85.701
85.701
85.701
85.701
85.701
85.701
20.8
20.8
20.8
20.8
20.8
20.8
20.8
20.8
20.8
20.8
24.442
24.442
24.442
24.442
24.442
24.442
24.442
24.442
24.442
24.442
24.442
24.442
24.442
28.474
28.474
28.474
28.474
28.474
28.474
28.474
28.474
28.474
28.474
28.474
28.474
28.474
4.5
4.5
4.5
4.5
4.5
4.5
4.5
4.5
4.5
4.5
4.5
4.5
4.5
4.5
4.5
9.164
9.164
9.164
9.164
9.164
9.164
9.164
9.164
9.164
9.164
9.164
9.164
4.728
4.728
4.728
4.728
4.728
4.728
7.205
7.205
7.205
7.205
7.205
7.205
7.205
7.205
13.409
13.409
13.409
13.409
13.409
13.409
13.409
13.409
13.409
13.409
13.409
13.409
13.409
103.071
103.071
103.071
103.071
103.071
103.071
103.071
10.212
10.212
10.212
10.212
10.212
10.212
10.212
40.243
40.243
40.243
40.243
40.243
40.243
40.243
40.243
40.243
42.2
42.2
42.2
42.2
42.2
42.2
42.2
42.2
42.2
19.64
19.64
19.64
19.64
19.64
19.64
19.64
17.368
17.368
17.368
17.368
17.368
17.368
57.6
57.6
57.6
57.6
57.6
57.6
13.096
13.096
13.096
13.096
13.096
13.096
13.096
13.096
13.096
13.096
13.096
13.096
13.096
46.3
46.3
46.3
46.3
46.3
46.3
46.3
46.3
46.3
46.3
12.456
12.456
12.456
12.456
12.456
16.078
16.078
16.078
16.078
8.278
8.278
8.278
8.278
8.278
8.278
8.278
9.039
9.039
9.039
9.039
9.039
9.039
9.039
15.466
15.466
15.466
15.466
15.466
48.8
48.8
48.8
48.8
48.8
48.8
48.8
48.8
48.8
20.655
20.655
20.655
20.655
20.655
20.655
20.655
20.655
20.655
20.655
20.655
33.8
33.8
33.8
33.8
33.8
33.8
21.415
21.415
21.415
21.415
21.415
21.415
21.415
21.415
21.415
21.415
21.415
8.809
8.809
8.809
8.809
8.809
8.809
8.809
8.809
8.809
8.809
76.948
76.948
76.948
76.948
76.948
76.948
76.948
76.948
76.948
76.948
76.948
76.948
76.948
76.948
9.433
9.433
9.433
9.433
9.433
9.433
9.433
10.179
10.179
10.179
10.179
10.179
10.179
10.179
10.179
10.179
70.542
70.542
70.542
70.542
70.542
70.542
70.542
70.542
70.542
8.08
8.08
8.08
8.08
8.08
8.08
8.08
8.08
8.08
8.08
8.08
7.797
7.797
7.797
7.797
7.797
7.797
7.797
7.797
31.19
31.19
31.19
31.19
31.19
11.9
11.9
11.9
11.9
11.9
11.9
11.9
11.9
11.9
11.9
11.9
17.453
17.453
17.453
17.453
17.453
33.438
33.438
30.05
30.05
30.05
7.98
7.98
7.98
18.234
26.5
26.5
90.788
90.788
94.542
94.542
18.597
50.489
50.489
50.489
50.489
126.0
126.0
80.0
20.126
20.126
20.126
80.0
36.9
36.9
36.9
36.9
21.0
21.0
21.0
21.0
15.161
15.161
11.614
11.614
11.614
223.143
43.2
43.2
43.2
43.2
43.2
19.349
19.349
15.472
15.472
67.285
18.307
18.307
18.307
18.307
18.307
10.274
10.274
10.274
10.274
69.919
69.919
9.754
9.754
9.754
98.0
118.717
15.921
15.921
15.921
98.0
98.0
98.0
152.835
152.835
152.835
152.835
106.0
106.0
106.0
81.924
81.924
109.0
109.0
27.339
27.339
16.704
45.367
13.297
15.662
15.662
15.662
9.313
16.294
16.294
16.294
11.469
23.52
23.52
42.866
42.866
42.866
42.866
42.866
42.866
65.042
65.042
61.0
61.0
15.869
15.869
10.588
10.588
10.588
7.64
7.64
12.416
12.416
50.0
97.0
97.0
97.0
97.0
39.43
34.6
46.63
102.0
102.0
15.998
15.998
66.555
66.555
66.555
10.971
10.971
17.323
17.323
17.323
17.323
11.075
11.075
11.075
10.629
10.629
10.629
13.354
13.354
13.354
70.0
10.931
70.0
70.0
44.997464172052766
37.361
37.361
46.87
46.87
56.285
110.0
110.0
73.536
73.536
73.536
73.536
73.536
52.3
52.3
52.3
31.63
58.166
32.822
58.166
61.821
30.857
78.52
78.52
78.52
78.52
61.821
61.821
22.15
22.15
22.15
45.529
45.529
46.9
46.9
37.818
37.818
37.818
31.293
166.028
166.028
166.028
18.216
7.046
7.046
7.046
7.046
7.046
7.046
7.046
7.046
7.046
7.046
7.046
7.046
7.046
7.046
7.046
7.046
7.046
7.046
7.046
7.046
7.046
7.046
7.046
7.046
7.046
7.046
7.046
7.046
7.046
7.046
7.046
7.046
7.046
7.046
7.046
7.046
7.046
7.046
7.046
7.046
7.046
7.046
7.046
7.046
7.046
7.046
7.046
7.046
7.046
7.046
7.046
7.046
7.046
7.046
7.046
7.046
7.046
7.046
7.046
7.046
7.046
7.046
7.046
7.046
7.046
7.046
7.046
7.046
7.046
7.046
7.046
7.046
7.046
7.046
7.046
7.046
7.046
7.046
7.046
7.046
7.046
7.046
7.046
7.046
7.046
7.046
7.046
7.046
7.046
7.046
7.046
7.046
7.046
7.046
7.046
7.046
7.046
7.046
7.046
7.046
7.046
7.046
7.046
7.046
7.046
7.046
7.046
7.046
7.046
7.046
7.046
7.046
7.046
7.046
7.046
7.046
7.046
7.046
7.046
7.046
7.046
7.046
7.046
7.046
7.046
7.046
7.046
7.046
7.046
7.046
7.046
7.046
7.046
7.046
7.046
7.046
7.046
7.046
7.046
7.046
7.046
7.046
7.046
7.046
7.046
7.046
7.046
7.046
7.046
7.046
7.046
7.046
7.046
7.046
7.046
7.046
7.046
7.046
7.046
7.046
7.046
7.046
7.046
7.046
7.046
7.046
7.046
7.046
7.046
7.046
7.046
7.046
7.046
7.046
7.046
7.046
7.046
7.046
7.046
7.046
7.046
7.046
7.046
7.046
7.046
7.046
7.046
7.046
7.046
7.046
7.046
7.046
7.046
7.046
7.046
7.046
7.046
7.046
7.046
7.046
58.913
58.913
31.714
31.714
61.37
22.112
22.112
22.112
73.783
73.783
75.823
29.959
36.264
35.452
38.7
37.173
37.173
82.251
22.939
23.643
27.033
27.033
152.658
103.039
22.383
63.716
63.716
53.906
53.906
92.0
41.662
41.662
41.662
41.662
35.614
35.614
35.614
35.614
39.958
52.293
165.957
165.957
79.796
79.796
37.198
37.198
37.198
48.879
48.879
48.879
48.879
34.42
23.972
26.612
26.612
26.612
145.0
145.0
19.123
19.123
113.307
113.307
175.053
175.053
118.229
19.051
19.051
15.815
17.708
17.708
17.708
13.026
21.29
29.833
29.833
29.833
35.98
35.98
150.56
150.56
21.4
6.568
12.64
12.008
12.008
38.3
22.225
22.225
59.811
59.811
59.811
19.257
21.746
21.746
15.986
15.986
9.866
9.866
133.096
133.096
19.596
19.596
19.596
31.844
31.844
21.116
21.116
21.116
19.491
19.491
19.491
19.491
66.435
66.435
10.884
10.884
102.882
102.882
102.882
81.733
81.733
14.613
14.613
14.613
14.613
14.387
14.387
14.387
96.568
26.283
17.268
17.268
27.479
27.479
26.878
26.878
18.14
107.3
107.3
30.207
30.207
164.0
164.0
182.472
126.076
89.888
89.888
126.076
126.076
14.457
11.093
11.093
16.362
16.362
16.362
119.0
100.379
77.071
263.468
263.468
21.938
7.74
7.74
151.413
151.413
109.315
12.395
12.395
39.328
39.328
39.328
39.328
53.238
13.786
13.786
13.786
85.909
85.909
273.322
212.6
212.6
212.6
212.6
212.6
126.719
81.688
80.697
80.697
199.0
199.0
160.204
35.356
62.692
62.692
160.204
62.377
55.0
19.543
19.543
19.543
7.507
7.507
7.507
7.507
7.507
7.507
7.507
7.507
7.507
7.507
7.507
7.507
7.507
7.507
7.507
7.507
7.507
7.507
7.507
7.507
7.507
7.507
7.507
7.507
7.507
7.507
7.507
7.507
7.507
7.507
7.507
7.507
7.507
7.507
7.507
7.507
7.507
7.507
7.507
7.507
7.507
7.507
7.507
7.507
7.507
7.507
7.507
7.507
7.507
7.507
7.507
7.507
7.507
7.507
7.507
7.507
7.507
7.507
7.507
7.507
7.507
7.507
7.507
7.507
8.315
8.315
8.315
8.315
8.315
8.315
8.315
8.315
8.315
8.315
8.315
8.315
8.315
8.315
8.315
8.315
8.315
8.315
8.315
8.315
8.315
8.315
8.315
8.315
8.315
8.315
8.315
8.315
8.315
8.315
8.315
8.315
8.315
8.315
8.315
8.315
8.315
8.315
8.315
8.315
8.315
8.315
8.315
8.315
8.315
8.315
8.315
8.315
8.315
8.315
8.315
8.315
8.315
8.315
8.315
8.315
8.315
8.315
8.315
8.315
8.315
8.315
8.315
8.315
8.315
8.315
8.315
8.315
8.315
8.315
8.315
8.315
8.315
5.756
5.756
5.756
5.756
5.756
5.756
5.756
5.756
5.756
5.756
5.756
5.756
5.756
5.756
5.756
5.756
5.756
5.756
5.756
5.756
5.756
5.756
5.756
5.756
5.756
5.756
5.756
5.756
5.756
5.756
5.756
5.756
5.756
5.756
5.756
5.756
5.756
5.756
5.756
5.756
5.756
5.756
5.756
5.756
5.756
5.756
5.756
5.756
5.756
5.756
5.756
5.756
5.756
5.756
5.756
5.756
5.756
5.756
5.756
5.756
5.756
5.756
5.756
4.222
4.222
4.222
4.222
4.222
4.222
4.222
4.222
4.222
4.222
4.222
4.222
4.222
4.222
4.222
4.222
4.222
4.222
4.222
5.97
5.97
5.97
5.97
5.97
5.97
5.97
5.97
5.97
5.97
5.97
5.97
5.97
5.97
5.97
5.97
5.97
5.97
5.97
5.97
5.97
5.97
5.97
5.97
5.97
139.785
139.785
139.785
139.785
139.785
139.785
139.785
139.785
139.785
139.785
139.785
139.785
139.785
139.785
139.785
139.785
139.785
139.785
139.785
139.785
139.785
139.785
139.785
139.785
139.785
139.785
139.785
139.785
139.785
139.785
139.785
139.785
139.785
139.785
139.785
3.521
3.521
3.521
3.521
3.521
3.521
3.521
3.521
3.521
3.521
3.521
3.521
3.521
3.521
3.521
3.521
3.521
6.63
6.63
6.63
6.63
6.63
6.63
6.63
6.63
6.63
6.63
6.63
6.63
6.63
6.63
6.63
6.63
6.63
6.63
6.63
6.63
6.63
6.63
6.63
6.63
6.63
4.119
4.119
4.119
4.119
4.119
4.119
4.119
4.119
4.119
4.119
4.119
4.119
4.119
4.119
4.119
4.119
4.119
4.119
4.119
4.119
4.119
4.119
4.119
4.119
4.119
4.119
4.591
4.591
4.591
4.591
4.591
4.591
4.591
4.591
4.591
4.591
4.591
4.591
4.591
4.591
4.591
4.591
4.591
4.591
4.591
4.591
4.591
4.591
4.591
4.591
4.591
4.591
6.277
6.277
6.277
6.277
6.277
6.277
6.277
6.277
6.277
6.277
6.277
6.277
6.277
6.277
6.277
6.277
6.277
6.277
6.277
6.277
6.277
6.277
6.277
6.277
6.277
6.277
6.277
6.96
15.213
5.413
4.099
4.912
8.25
7.294
8.08
8.001
6.148
9.68
7.711
10.041
9.98
7.715
5.354
2.94
4.06
7.363
3.772
5.018
6.401
9.608
8.042
9.013
9.735
11.292
16.049
9.805
3.898
14.693
9.8
5.132
1.887
8.312
4.844
4.617
5.41
6.261
8.252
4.305
12.525
8.19
6.488
6.953
9.494
12.6
6.364
8.824172407770005
6.037
4.078
4.57
4.781
11.073
7.012
7.672
4.692
8.128
12.864
4.31
10.397
7.21150800441511
9.0
7.591
6.676
7.555
5.957
5.834
3.549
7.679
7.882
10.765
8.11
19.556
11.0
11.804
9.22370500013803
5.992
7.8
7.4
9.433
11.447
7.94
23.864
5.559
6.883
5.114
10.767
7.784
5.214
7.066
4.471
5.459199503700142
7.241
6.579340704575046
11.666
9.088
16.71
15.621
4.858
4.908
3.485
3.477
8.895
5.565
8.055
6.4
6.29
10.623
8.336
4.188
12.007
8.1
5.02
3.784
8.146
7.578
7.808
4.182
6.232
3.46
5.0
5.067
3.443
7.441
7.934
5.375
6.681
7.057635020659706
7.562
6.49315980731172
10.09
4.904
6.064943741487413
5.0
11.17
6.581
6.388
4.08
4.0
6.2
9.0
6.482817328703204
5.158
5.244
14.138
2.884
6.267
8.599
11.504
9.918
4.011
6.58
5.911
7.7454319523297155
5.154
8.499
7.315
10.19
12.29
9.741
7.812
9.614
13.559
4.157
9.3
3.062
13.257
6.858
4.03
6.931
4.882
8.083
10.006
6.866
5.14
7.0
8.38
10.534
8.421
11.611
4.25
5.548
6.302
4.37
6.443
7.46
10.336
9.646
6.568
10.108021342806822
6.641
7.16
7.473
6.885
8.53
6.495
9.008857425878803
7.84
10.021177852937951
6.352
6.352
6.352
6.352
6.352
13.5
13.5
13.5
7.922
7.922
7.922
7.922
9.639
9.639
9.639
9.639
7.47
7.47
7.47
7.47
7.47
7.47
7.47
5.336
5.336
5.336
5.336
5.336
6.848
6.848
6.848
20.302396032201834
17.162689010723152
17.817932857613066
16.836948357638505
19.007841297476894
7.339
7.339
7.339
7.339
7.339
7.339
7.339
7.875
7.875
7.875
4.361
4.361
4.361
4.361
4.361
17.402274423497595
18.328611096018097
17.477576467472176
20.63455759330168
19.75701951603851
21.167662364835003
20.366343891515047
17.627205992674885
16.95623517952818
20.879706066210986
9.88
9.88
9.88
9.88
5.2
5.2
5.2
7.514
7.514
7.514
7.514
7.514
7.514
7.514
7.514
7.514
7.514
7.514
7.514
5.962
5.962
5.962
8.84
8.84
8.84
8.84
8.84
8.84
8.84
6.52
6.52
6.52
7.15
7.15
7.15
7.15
17.881748404161325
21.05485896640376
18.186307223996593
17.783977371325918
3.63
3.63
3.63
6.933
6.933
6.933
6.933
3.3
3.3
12.428
12.428
12.428
12.428
12.428
6.074
6.074
6.074
6.074
5.955
5.955
5.955
5.955
5.955
5.955
5.955
17.628165964267083
20.02052287633759
19.50360496137918
4.959
4.959
4.959
4.959
4.959
4.959
4.959
4.959
525.4
6.601
6.601
6.601
6.55
6.55
6.55
6.55
6.55
6.55
6.55
3.953
3.953
3.953
3.953
3.953
3.953
3.953
5.116
5.116
5.116
19.69939819816897
18.308093860001264
16.839630955166243
21.41011113507067
18.21274406783545
20.665753759431155
21.45364667680358
17.618512878957286
4.669
4.669
4.669
4.669
3.862
3.862
3.862
3.862
21.458530384354404
16.85857521402369
18.13629083569424
20.476098210697906
525.4
525.4
525.4
4.617
4.617
4.617
4.617
5.302
5.302
5.302
6.8
6.8
6.8
6.8
6.8
4.424
4.424
4.424
4.424
4.424
4.424
4.424
2.498973929385798
2.203615015765103
2.209107575532977
0.9175624459529996
0.6605190208597693
1.9337972146794642
1.9580806154069652
2.246369723553994
0.6250988650983591
1.61839992025359
0.20796030245882546
2.0072378531857655
0.29000139109915324
2.002970135681813
1.4663368280466782
1.361727566580126
1.6820259926185042
0.5144389589740239
1.1481367554930415
1.8855240172125265
1.9214814202207755
1.6385573277883299
1.9521092638188076
1.0586874893530012
1.040378488087415
0.6945945033672221
1.0419624952629758
0.03979531107755463
2.2749688269474206
1.3770663746644045
1.4774009100773848
2.4878711183596325
2.171281272643089
2.4039198709176466
0.6599983973522203
1.1674186828329092
0.40895157032529195
2.037094634532055
0.6797512074103147
1.694508254069997
0.7786846676676538
1.1818476675838423
1.7784612228061447
1.8753882160731914
2.4761078745864844
1.8798981284057747
0.8325780785675594
1.30996360658955
1.5887495941658352
1.9897652600676636
0.4890134389027283
0.8564991379067037
1.582696811494463
2.2222916295816733
2.3594488093000683
0.34669502134258634
0.4902770586611709
1.385153266285084
0.6899294975052599
1.188294620604526
0.2050747786021927
2.413379038753869
1.95127211389927
1.723940523298456
1.082204532900037
1.9699650385751672
1.6798002860942107
0.9669007518351591
0.5679560783758419
2.2230493251982244
1.9425034950777302
1.0820434632208698
1.8898650585642374
2.1992699730984864
0.9696391993373155
0.872728255380647
1.4910093099336903
2.490981696724484
0.49544998551664454
0.3088623066141105
1.5312164222174793
2.4969339297368274
0.24159917631851036
2.340255451919399
0.14571770756397484
0.16651488330083986
0.05715580770582562
1.3276718716891434
1.0352439273674596
0.8478219324416165
1.0610030811761362
1.7691342712000824
0.6905689122240908
1.9733942824527668
0.32187353406576635
0.5758143664564166
0.2586245685840822
2.394488199120519
0.858507468631236
1.7141335750430233
1.6433505905856483
1.715193536924346
2.4962603085151382
0.8783761559145846
1.2790239231185008
1.249419145994894
1.1566096639291654
0.7592629508804243
1.201988954071378
1.8749466033797657
1.5860303429530056
1.0066028001704974
2.2263746227987466
0.34072399380263274
0.9631959701883379
0.9491848666257892
0.48427638806166806
1.5617992520829684
0.6967233005737983
0.0521277552984345
2.436392509950357
2.043138518637692
1.362292571486985
1.7561287181713707
1.9436044219313215
0.7984442005432317
1.6387842078095223
0.7268566236823122
0.2875930654829477
2.394072735495754
1.6439232421484413
2.0706957424978083
2.1148045787774574
0.8235459840749426
1.3924418499984128
2.3713665967518054
2.45643468312128
0.6682414371320928
0.27613080893760467
0.5939315951857704
1.8803874385122272
1.1544861565165627
0.487843735416587
2.4745217926697904
2.3141960394891647
0.414051424465514
1.3663246253476196
1.4067384868301125
0.9148156639571194
2.0607436132037886
0.3589238468822229
0.6080267313251193
0.8251234620066228
1.701999732551542
0.848408171437558
0.9931142218300653
0.39983384914340014
1.6768703297152987
2.03133211762923
0.14988063824739406
1.0347937961775218
2.3358511930106607
0.5108263574119603
0.9161568045886921
0.3549748033651339
0.32954381270596844
0.01440017091433976
1.9025024354388504
0.9366543083034873
0.45487055517720654
2.134725756451763
1.992293491808649
1.4739118880027364
0.033165107915309466
2.412468939136665
0.8795591668269571
1.5366801446306262
1.2852138078848374
0.2587525170824674
1.8427670594548746
0.9636181152289942
0.2874639933117691
1.5589223258140548
1.655467337158096
2.264575781657628
1.5173139038838979
1.3967606426480499
2.2328247157138925
0.4441224758088307
0.04384729909583429
1.687039904969978
1.675200643552249
1.5707134480504177
0.47466584803794953
1.919703149013083
0.5170114896417266
1.6312199986111557
2.114477344209255
1.1338718160725274
0.29719735126529256
26.388
26.388
26.388
26.388
26.388
26.388
26.388
26.388
26.388
26.388
26.388
26.388
26.388
26.388
26.388
26.388
26.388
26.388
26.388
26.388
26.388
26.388
26.388
26.388
33.292
33.292
33.292
33.292
33.292
33.292
33.292
33.292
33.292
33.292
33.292
33.292
33.292
33.292
33.292
33.292
33.292
33.292
33.292
33.292
33.292
44.424
44.424
44.424
44.424
44.424
44.424
44.424
44.424
44.424
44.424
44.424
44.424
44.424
44.424
44.424
44.424
44.424
44.424
44.424
44.424
44.424
44.424
44.424
52.046
52.046
52.046
52.046
52.046
52.046
52.046
52.046
52.046
52.046
52.046
52.046
52.046
52.046
52.046
52.046
52.046
52.046
52.046
52.046
124.333
124.333
124.333
124.333
124.333
124.333
124.333
124.333
124.333
124.333
124.333
124.333
124.333
124.333
124.333
124.333
124.333
124.333
124.333
124.333
13.974
13.974
13.974
13.974
13.974
13.974
13.974
13.974
13.974
13.974
13.974
13.974
13.974
13.974
13.974
13.974
13.974
13.974
13.974
13.974
120.745
120.745
120.745
120.745
120.745
120.745
120.745
120.745
120.745
120.745
120.745
120.745
120.745
120.745
120.745
120.745
120.745
120.745
120.745
120.745
120.745
120.745
17.702
17.702
17.702
17.702
17.702
17.702
17.702
17.702
17.702
17.702
17.702
17.702
17.702
17.702
17.702
17.702
17.702
17.702
17.702
17.702
17.702
17.702
17.702
17.702
17.702
17.702
17.702
25.274
25.274
25.274
25.274
25.274
25.274
25.274
25.274
25.274
25.274
25.274
25.274
25.274
25.274
25.274
25.274
25.274
25.274
25.274
25.274
25.274
25.274
25.274
