0.4350	0.9000	40.0000
1490.0000	43750.0000	0.9186
0.0120	80.4400	0.9000
3080.0000	1170.0000	0.4425
0.9390	40.0100	40.4000
4500.0000	93550.0000	0.0093
0.4470	50.9300	500.0000
840.0000	45000.0000	0.9231
0.0070	40.4500	250.9000
3970.0000	690.0000	0.4550
0.9560	90.0000	650.4000
5750.0000	94790.0000	0.0060
0.4600	0.9400	970.0000
560.0000	46250.0000	0.9534
0.0050	20.4600	500.9000
5560.0000	490.0000	0.4675
0.9600	50.0000	460.4000
7000.0000	96590.0000	0.0044
0.4720	50.9500	910.0000
420.0000	47500.0000	0.9570
0.0030	90.4700	750.9000
6530.0000	370.0000	0.4800
0.9640	80.0000	350.4000
8250.0000	95910.0000	0.0033
0.4850	0.9600	290.0000
320.0000	48750.0000	0.9758
0.0030	10.4900	0.9000
8590.0000	310.0000	0.4925
0.9650	20.0000	290.4000
9500.0000	97530.0000	0.0028
0.4970	50.9700	590.0000
270.0000	50000.0000	0.9752
0.0020	60.5000	250.9000
8500.0000	250.0000	0.5050
0.9910	0.0000	250.5000
750.0000	98380.0000	0.0024
0.5100	0.9700	940.0000
230.0000	51250.0000	0.9875
0.0020	20.5100	500.9000
8680.0000	220.0000	0.5175
0.9910	90.0000	210.5000
2000.0000	99730.0000	0.0021
0.5220	51.0000	590.0000
210.0000	52500.0000	0.9872
0.0020	0.5200	750.9000
9650.0000	200.0000	0.5300
0.9980	30.0000	190.5000
3251.0000	470.0000	0.0019
0.5350	0.9800	880.0000
180.0000	53750.0000	0.9978
0.0010	70.5400	0.9000
9390.0000	170.0000	0.5425
0.9950	70.0000	160.5000
4501.0000	600.0000	0.0016
0.5470	50.9900	810.0000
160.0000	55000.0000	0.9975
0.0010	60.5500	251.0000
250.0000	150.0000	0.5550
1.0020	40.0000	150.5000
5751.0000	470.0000	0.0015
0.5600	1.0000	150.0000
150.0000	56251.0000	0.0086
0.0010	40.5600	501.0000
1040.0000	140.0000	0.5675
1.0030	80.0000	140.5000
7001.0000	740.0000	0.0014
0.5720	51.0000	770.0000
140.0000	57501.0000	0.0095
0.0010	30.5700	751.0000
390.0000	130.0000	0.5800
1.0000	10.0000	130.5000
8251.0000	430.0000	0.0013
0.5850	1.0000	450.0000
130.0000	58750.0000	0.9990
0.0010	20.5900	1.0000
390.0000	120.0000	0.5925
1.0080	90.0000	120.5000
9501.0000	1460.0000	0.0012
0.5970	50.9900	890.0000
120.0000	60001.0000	0.0017
0.0010	20.6000	251.0000
570.0000	120.0000	0.6050
1.0070	90.0000	120.6000
751.0000	630.0000	0.0012
0.6100	1.0000	640.0000
110.0000	61251.0000	0.0075
0.0010	10.6100	501.0000
1010.0000	110.0000	0.6175
1.0130	40.0000	110.6000
2001.0000	1570.0000	0.0011
0.6220	51.0100	260.0000
110.0000	62501.0000	0.0056
0.0010	10.6200	751.0000
1430.0000	110.0000	0.6300
1.0130	40.0000	110.6000
3251.0000	1200.0000	0.0011
0.6350	1.0100	60.0000
110.0000	63751.0000	0.0129
0.0010	10.6400	1.0000
1230.0000	110.0000	0.6425
1.0110	30.0000	110.6000
4501.0000	1420.0000	0.0011
0.6470	51.0100	390.0000
100.0000	65001.0000	0.0122
0.0010	0.6500	251.0000
1390.0000	100.0000	0.6550
1.0120	90.0000	100.6000
5751.0000	1480.0000	0.0010
0.6600	1.0200	270.0000
110.0000	66251.0000	0.0092
0.0010	0.6600	501.0000
910.0000	100.0000	0.6675
1.0110	50.0000	100.6000
7001.0000	1170.0000	0.0010
0.6720	51.0100	540.0000
100.0000	67501.0000	0.0157
0.0010	0.6700	751.0000
1530.0000	100.0000	0.6800
1.0150	20.0000	100.6000
8251.0000	1470.0000	0.0010
0.6850	1.0100	580.0000
100.0000	68751.0000	0.0217
0.0010	0.6900	1.0000
2660.0000	110.0000	0.6925
1.0130	10.0000	100.6000
9501.0000	1060.0000	0.0010
0.6970	51.0000	880.0000
100.0000	70001.0000	0.0162
0.0010	0.7000	251.0000
1860.0000	100.0000	0.7050
1.0180	90.0000	100.7000
751.0000	1770.0000	0.0010
0.7100	1.0100	880.0000
100.0000	71251.0000	0.0166
0.0010	0.7100	501.0000
1790.0000	100.0000	0.7175
1.0210	50.0000	100.7000
2001.0000	2880.0000	0.0010
0.7220	51.0200	740.0000
110.0000	72501.0000	0.0248
0.0010	10.7200	751.0000
1720.0000	100.0000	0.7300
1.0250	10.0000	110.7000
3251.0000	2180.0000	0.0011
0.7350	1.0100	980.0000
110.0000	73751.0000	0.0192
0.0010	10.7400	1.0000
1960.0000	110.0000	0.7425
1.0200	30.0000	110.7000
4501.0000	1980.0000	0.0011
0.7470	51.0100	830.0000
110.0000	75001.0000	0.0161
0.0010	10.7500	251.0000
1800.0000	110.0000	0.7550
1.0220	90.0000	110.7000
7001.0000	1430.0000	0.0022
0.7720	51.0100	320.0000
130.0000	77501.0000	0.0134
0.0010	10.7700	751.0000
1680.0000	110.0000	0.7800
1.0180	10.0000	120.7000
8251.0000	1850.0000	0.0012
0.7850	1.0100	940.0000
120.0000	78751.0000	0.0170
0.0010	20.7900	1.0000
1730.0000	120.0000	0.7925
1.0230	20.0000	120.7000
9501.0000	1860.0000	0.0012
0.7970	51.0100	580.0000
120.0000	80001.0000	0.0183
0.0010	20.8000	251.0000
1760.0000	120.0000	0.8050
1.0190	30.0000	130.8000
751.0000	1730.0000	0.0013
0.8100	1.0100	930.0000
130.0000	81251.0000	0.0223
0.0010	30.8100	501.0000
2290.0000	130.0000	0.8175
1.0230	90.0000	130.8000
2001.0000	2780.0000	0.0014
0.8220	51.0100	750.0000
140.0000	82501.0000	0.0149
0.0010	40.8200	751.0000
1840.0000	140.0000	0.8300
1.0140	70.0000	140.8000
3251.0000	1840.0000	0.0014
0.8350	1.0200	130.0000
140.0000	83751.0000	0.0120
0.0010	40.8400	1.0000
670.0000	140.0000	0.8425
1.0140	20.0000	150.8000
4501.0000	1670.0000	0.0015
0.8470	51.0100	190.0000
150.0000	85001.0000	0.0162
0.0010	50.8500	251.0000
2430.0000	160.0000	0.8550
1.0120	70.0000	160.8000
5751.0000	1240.0000	0.0016
0.8600	1.0100	30.0000
160.0000	86251.0000	0.0174
0.0010	60.8600	501.0000
1810.0000	170.0000	0.8675
1.0190	80.0000	170.8000
7001.0000	1660.0000	0.0017
0.8720	51.0100	230.0000
170.0000	87501.0000	0.0177
0.0010	70.8700	751.0000
1750.0000	180.0000	0.8800
1.0110	90.0000	180.8000
8251.0000	1650.0000	0.0018
0.8850	1.0100	400.0000
190.0000	88751.0000	0.0092
0.0010	90.8900	1.0000
1290.0000	190.0000	0.8925
1.0140	80.0000	200.8000
9501.0000	2110.0000	0.0020
0.8970	51.0200	440.0000
210.0000	90001.0000	0.0208
0.0020	10.9000	251.0000
1030.0000	210.0000	0.9050
1.0140	90.0000	220.9000
751.0000	2070.0000	0.0022
0.9100	1.0100	970.0000
230.0000	91251.0000	0.0182
0.0020	30.9100	501.0000
2120.0000	240.0000	0.9175
1.0170	80.0000	240.9000
2001.0000	2250.0000	0.0025
0.9220	51.0200	360.0000
260.0000	92501.0000	0.0201
0.0020	6.0000